81860
27681
111911
23255
49312
16764
80918
79297
14951
82646
113217
143371
48878
106654
93524
78991
35837
107830
59505
21104
80291
63145
21965
32009
125923
28369
5379
76312
124133
64599
91299
98245
87714
113282
94438
5794
3294
65631
118569
87348
7102
79620
47344
137014
17186
61901
71240
90693
21229
68189
43305
86400
23430
41103
53285
118768
27229
85228
48354
55655
145512
28531
119135
7713
122600
85604
68364
71541
50051
27196
134915
120047
40533
67834
78088
27032
100417
104778
84190
137566
118005
52479
102821
55178
108023
111395
78830
36302
133248
131439
23917
50718
18537
14436
108960
23444
91279
115024
44465
64931
133956
9714
6439
142263
96971
133749
137330
48750
14812
113117
40539
59534
73514
48879
38393
89808
112740
91862
19405
61065
88833
17411
89823
116469
13545
98572
100349
99382
90029
128745
107911
52188
27
47928
115719
66804
67374
55534
142783
70485
67826
64776
62757
13439
95171
125221
127269
43422
112979
133620
107656
34720
13211
61661
32271
49967
6894
42417
36928
23697
37691
1871
122587
23658
38059
61268
57722
76366
48320
104066
111809
110930
139222
141379
94488
45239
25678
124211
19789
106753
143566
75273
48707
109663
114704
91891
22167
89748
60915
81655
134967
14899
50748
84240
17695
129087
125126
72656
98452
79235
36579
104048
111206
101242
49358
33451
141439
64547
20128
53881
68803
39102
6525
134599
68975
50938
38439
32563
61616
24054
40036
1769
95029
34954
32935
94322
99188
24328
95272
51763
2407
22472
76566
136761
124538
2611
70399
84097
112066
97057
1751
24931
94229
119304
35338
142874
132300
94457
50988
1882
119657
53894
50653
9802
10792
88795
64904
16472
124674
103339
98762
95731
143113
114917
124040
73063
77298
28706
33185
67801
51266
141648
105557
92296
83582
114884
112417
98931
50767
44575
26139
133026
122814
13031
92852
63477
136173
102608
75595
123124
95461
58201
106673
114078
120609
117488
66830
141764
98861
109692
65550
1368
122140
118795
48936
66756
121646
117581
69318
98704
93422
72110
116949
108103
23360
6099
11071
10609
97627
3989
109213
31652
93388
91345
53991
110396
86229
38571
113091
34175
111993
70950
105744
38168
30108
8336
110525
115291
9125
23126
71048
24216
120701
142623
56471
46711
125470
143529
44086
47305
134254
120809
42347
102851
79443
48669
37585
23796
55312
73630
143185
21133
5557
1881
123006
66694
16128
115529
34554
29062
83697
119003
70413
47262
68211
112024
98834
14898
114206
45966
35137
45854
61464
94382
51671
8391
124545
33247
72164
11953
78130
129892
116294
28591
69198
142125
46510
63595
115701
36567
132730
82507
74350
115912
2809
138253
101431
29283
108851
141575
773
84931
140005
76324
6161
104640
115859
86804
105138
23620
100873
27697
33343
59460
105958
3490
11738
118515
50919
17821
2801
63293
138652
122782
75258
34346
123793
58534
122295
73144
49352
136435
3224
13217
114365
54836
112912
44191
18454
24632
139597
65968
95454
81608
122197
53269
13936
87755
115239
128360
26916
108967
2014
25331
23878
74784
23294
57760
107158
82892
91100
37592
126981
6962
27406
135752
1895
70761
120932
89190
134342
67385
47640
47263
2064
109627
110409
106334
10101
115822
111337
48394
123599
9955
104738
28129
98122
8146
64693
53129
80871
37229
142594
27597
132431
78921
112723
116481
55794
27288
46691
35224
86245
112866
7541
51723
58040
88774
3547
101608
101651
97428
50344
117615
88664
395
89072
117181
66094
28984
13423
17420
47254
94376
96094
122305
63900
50888
109672
44306
112862
16235
139931
14161
141499
53290
29710
49643
73101
53844
49836
81923
67054
67251
79232
17182
123291
94790
24629
141075
76731
127542
93381
61309
94341
47302
111624
137739
127636
134933
98107
94474
72869
6956
11441
90866
47610
59903
11101
91421
79268
124036
39400
41552
81881
112701
111362
118771
44827
80991
47274
21431
28032
62577
124411
94235
7128
60728
131624
116449
71218
109020
115618
91613
42624
119690
13633
104898
111712
128218
94202
112549
29706
41534
116902
87494
79644
44422
93749
47691
122564
21948
32789
75915
62921
8931
76239
3840
132488
9662
80684
118271
77797
99006
36993
13990
139750
50066
65365
5571
54425
41741
10794
66375
68639
13505
103024
7524
131683
102961
104875
14685
143005
48046
63220
6968
18192
10998
31662
69113
10144
12497
53669
140288
9534
57405
28543
52318
3992
9868
145565
95758
135845
49108
36115
48549
54038
121513
140404
9784
43708
57682
114598
108983
34928
26691
94878
133960
27751
58455
128424
62820
85712
32292
61018
61675
28364
59603
95139
31469
142357
127759
53123
14327
53746
44120
69179
141344
127072
49813
39448
22276
75920
39172
89012
53012
80173
60900
1056
48299
64879
97776
114844
110331
54229
71453
133259
84556
124981
43111
115377
137009
112550
142771
121796
116083
55464
61184
20116
39885
82071
90358
132821
83844
94510
115831
34795
20421
132648
34901
50682
130466
132934
54930
109202
136048
84684
131208
77593
56652
69790
95145
8729
37833
67795
40953
45822
122395
104646
11398
80627
85616
118060
83953
121929
10721
141259
102146
95537
92441
110156
59969
80912
21002
100955
107108
24880
83601
61223
95546
126042
14514
27959
13077
86951
57710
51644
110974
90251
131618
131541
42319
82873
78409
10905
57836
44594
113806
65535
55239
133018
10470
91730
132746
21346
12825
118085
76858
104887
97074
50173
73481
90663
31412
62777
27883
134008
71759
62145
99207
106504
124679
100527
61956
69085
114387
104612
38064
41855
139415
38372
3878
53110
3869
137797
151
545
63606
4025
12112
31233
91367
10971
77712
13471
80706
33306
97157
29222
80267
33181
81515
53072
45618
116546
38896
18402
56845
145215
36701
86643
2354
83034
144502
118551
11364
64369
74230
114815
9206
32809
108948
1074
63273
139155
62088
93112
13199
141564
89836
130353
15832
97976
57156
8315
54298
97158
127918
93821
137203
66184
131049
87817
135886
83098
56801
60268
75113
26541
82442
143696
84908
23929
43387
105932
112377
71804
78519
94191
33856
84900
104324
65705
106671
45100
1148
17389
26040
121555
76367
126396
110957
47450
14086
11248
53833
111463
107891
49973
42639
125884
18150
82543
140506
20291
24455
118969
28500
58682
97810
80126
11322
52878
32669
102515
134439
131692
26534
88571
18860
138078
50411
131608
38481
39429
4409
120329
141258
108151
136197
137169
134035
97338
11470
93510
52357
120475
32852
79548
83595
69158
91456
77862
79528
94126
38560
103904
13756
35902
99785
26882
589
65652
113768
54702
102137
24715
40411
45654
21546
136460
45073
101072
90980
32570
17042
113566
94074
32495
132067
98251
73109
83237
81490
33301
139870
30643
94808
111957
132460
118436
45218
125053
93163
69513
117791
1288
46866
73340
45747
136725
17035
70332
87648
125666
20495
138452
67942
54412
133902
55090
25115
76518
130365
57811
126895
80697
208
44171
114342
27556
50495
8605
15115
117570
96682
13574
27717
26161
75540
50092
73074
75837
84126
70437
27145
140645
107623
61644
45938
94900
133962
41191
138328
58517
74607
64023
45105
140327
81488
111729
36112
114401
40735
18662
142350
131149
150
74211
67157
34052
92234
99047
75760
106521
105507
21239
102822
74566
79671
22010
102445
90184
73733
134083
15550
18277
9330
111047
113055
58098
21427
79447
74651
64272
138582
14345
134856
4156
135302
4026
79315
1318
56731
121996
138033
127272
58925
63949
6119
143526
79837
144161
129748
92975
84878
58869
24560
25256
10414
145448
42002
115520
8218
124915
10430
19582
72424
114283
13632
116268
41418
140088
94628
16620
67279
122828
22299
24078
64666
26191
104337
46105
31944
56563
42920
52421
138501
122243
133603
19825
120929
116874
139499
26392
13622
63798
78282
142920
144235
121978
44737
13366
26104
57603
97373
33170
29979
31681
45436
60986
77895
21906
104806
7140
51442
110568
20148
65287
141726
51677
56107
119567
144652
115114
24116
49466
17923
73833
5588
88257
15638
5435
124663
58030
145430
58835
111343
57641
106682
104672
117366
88693
84498
117481
112049
73352
121630
1358
41246
17464
135436
1346
144867
33394
136427
12110
108122
88869
122855
43417
2246
73168
44399
104834
38283
57371
65471
50770
4838
130926
29519
13446
76923
134438
45678
70809
122862
86044
58681
18232
54603
22125
39801
47433
91152
21744
118667
87877
36547
23226
8144
63581
96570
142849
4168
17111
11193
55294
121680
110053
107140
108380
85961
121229
20230
91349
12168
91958
137186
130885
39701
82609
126450
12783
139074
7609
121468
99738
136417
98215
80988
144869
108907
73573
124186
11948
138993
122739
64540
96428
110453
30636
91798
74031
132299
69804
44642
83608
9543
121607
40473
77635
134417
37562
185
70936
123245
43711
11198
68173
56333
85563
93636
101748
47220
43007
43688
142548
108553
67037
109086
79383
59466
44459
86303
19166
127387
74697
108871
137041
101358
58022
11580
51132
103105
107522
81948
81372
35405
100234
44327
139435
5068
75692
9221
117774
115760
93107
113534
58612
84558
18334
136619
24357
9715
39228
36239
24387
136863
22417
61281
137058
41023
23797
24091
59163
55625
75735
12230
2153
33551
107229
141362
18807
120122
120775
82917
137430
42068
143956
29154
15052
74362
124269
90952
122398
69831
39567
82509
132832
142616
59199
138690
22430
10586
74338
41352
90905
7225
133560
57975
134430
124196
81746
56334
57941
3734
3708
2386
112645
137140
129131
106252
22774
89769
124809
768
129502
92187
7617
27638
104744
9832
80845
61714
101014
108053
9845
81666
123979
120368
96348
99022
954
95581
75904
76835
93744
71663
116062
28625
4908
116738
95784
45745
10777
39320
73635
61792
81703
133672
123502
103770
69225
23301
41145
116436
141585
141914
7613
105137
6566
103222
32231
114017
120003
65591
49162
100996
71034
129972
36545
89032
10732
54634
37854
29048
144704
115317
93987
126408
45031
1836
53845
65795
101195
114915
112339
8265
21872
20397
84145
96574
77118
118568
4990
112353
129378
39149
31168
75982
136302
23595
12309
106828
122222
57495
58148
21471
75959
30451
41517
53777
132638
36265
133194
122281
22770
57178
136117
80745
144764
61968
135165
49480
124596
92092
69294
103675
25734
89520
17622
70563
58593
91498
61156
84805
134164
120157
137187
4777
104923
50564
126079
113286
128990
134137
27502
13027
111691
137936
62974
82095
127788
91113
127182
101921
119386
106540
69724
57856
17844
45491
58604
47672
68420
42701
69342
32376
35872
75700
18594
62508
13265
125067
3485
84239
55387
8958
69581
88214
144066
12837
74792
88308
116866
94054
126494
137631
1972
79250
80623
9252
143589
138200
53010
11235
87163
13806
98589
131352
77291
99923
16099
52529
51217
6150
97445
73720
107880
7557
8447
49231
73878
118996
4134
30524
45951
46376
112270
82687
70258
129107
40144
47457
6895
8016
141071
114422
78206
123101
35805
75373
50
71001
17320
129988
41373
25868
144921
84148
2665
62151
91622
14466
118138
30390
60794
90429
73072
144154
38302
49027
50450
13600
91010
13355
50039
125795
64448
137469
116836
102745
21045
112395
120196
127865
55332
101923
67429
105
45528
69426
93401
119612
94541
66556
112110
141742
54023
143310
130687
74255
82268
87231
94007
26777
114548
75098
9346
16679
85873
55005
7742
65090
144000
105450
97001
130377
28192
35743
110294
47001
5037
144262
48417
69081
14643
144820
46263
83457
104789
1105
76968
27404
9835
82634
103208
137884
29640
92292
142115
23422
99745
129559
14158
101847
123305
108991
105452
32938
72794
46019
40252
115005
136799
91896
67480
24729
87751
109814
121674
56411
62012
13892
125417
131481
116195
87578
71127
19996
60266
80951
143043
10031
17563
50268
114029
19083
23695
142090
92957
35295
53083
23383
112512
5480
106138
32994
97363
59636
62894
118931
33962
121663
141420
23553
41550
8649
39009
49474
107130
78026
139198
64140
107050
84019
36490
24948
98300
143192
24515
106522
58679
125777
75505
11162
141883
122090
139003
32747
23337
125226
30150
51927
34154
3176
88860
101209
37196
10384
108030
55537
24495
124120
73949
19246
47261
119264
22424
29923
20653
48438
129715
39952
23711
100814
133532
120190
120972
132514
65886
50863
104495
58185
132325
30663
98963
29855
98540
3512
212
130962
144437
144356
121992
109623
124099
66050
117408
49168
66494
103803
1170
52665
29860
92307
134934
85774
117159
42088
113700
30896
134403
134509
36601
36114
141956
10070
14439
133816
107662
124673
4764
115703
123385
1770
32674
83843
11144
142236
91722
124986
130957
16425
54533
137832
10682
52608
31688
125475
39488
99610
84055
3763
61604
130629
127159
23679
91652
22624
107689
51256
129323
16660
45562
64241
80067
133059
24025
79048
41963
92220
116080
145348
87810
18783
26813
44437
32001
62258
113219
67557
89666
33093
108307
24170
77183
33798
140376
130763
43187
46238
60707
131271
54614
21283
121467
47211
569
72309
4254
32953
68954
682
56508
16940
42193
17784
52142
142390
92257
124715
117227
55650
65772
114501
115086
137869
756
57411
21296
112574
106369
2367
4125
69823
143506
97529
70029
122168
31597
109353
12892
88964
90836
67260
62596
79827
136913
31139
131649
70940
141851
5482
142482
121030
27112
52660
46655
29031
12432
120456
50559
61425
62725
75357
67297
41117
95316
20028
136696
4242
20262
9276
120583
85558
124063
57108
51864
108499
134146
11310
7410
143617
82334
59353
134188
13813
54172
53716
117616
114481
122218
54485
77211
99518
135123
71502
57279
143719
6192
45298
50523
11451
107557
73586
70934
86302
59858
117306
71711
3660
73009
29019
48574
41004
94640
142091
5124
126996
122895
88115
129801
62166
102779
51735
2546
66585
88012
84407
29240
85786
87862
97177
142707
25850
76717
142543
117327
74309
73536
3872
58658
145175
9852
51961
87592
43762
75346
99954
112364
63714
126738
124280
43603
104386
38827
100353
54525
144439
128611
130558
119699
37357
145324
11884
15392
34122
71538
53024
37451
97386
109063
4300
58614
42773
80071
597
27459
61896
9833
16510
64437
121394
74101
8692
107365
106421
18000
64296
33352
142032
77527
59722
32627
128808
85275
119987
11788
137620
6645
83570
47767
137243
2397
77899
23579
139827
37287
44608
39462
50758
91888
90292
140524
58351
134170
69878
43074
142808
95371
58540
137429
20405
38194
141717
70219
117598
53384
73491
9190
14130
24067
15291
123901
25242
117797
57257
43148
89018
55461
85225
104322
104655
32343
26758
4614
76728
69070
37436
62905
19430
19659
114539
56053
11415
143472
3175
72613
90937
92602
39481
138261
26399
60297
63446
116413
92641
67675
98532
60302
48560
104367
25266
94036
114182
113195
71321
11874
136006
29363
79957
19032
59102
110609
16047
66026
129833
8384
15337
90261
93827
85052
64779
54389
44204
104496
11706
32154
25614
73420
26382
42339
26585
86605
26732
110159
103708
121339
73455
20877
24867
25815
50486
143404
138877
109876
56352
22782
69323
118477
132366
68059
106651
130097
89882
2506
78584
53484
44748
105816
136821
111544
65184
103076
24787
74109
11409
58053
45829
10501
47930
94433
10620
100235
75086
84700
40006
21359
8782
23231
84077
61494
9749
37840
86220
6621
6873
117721
30176
127099
5032
89292
116665
72687
109795
84690
35013
139121
2055
4909
76473
37733
105494
121482
38932
55612
102737
141658
94230
23712
126145
4188
14271
78567
70069
92808
62962
67133
35554
59205
111327
85589
5906
63871
94390
91253
6055
110562
106494
62288
14179
15433
60866
47850
16033
106414
109329
46852
91919
91676
5388
35264
86510
5691
87015
52828
18519
142425
49202
72731
107327
51163
66497
120566
64788
131414
14500
60066
139258
41783
79736
132227
32769
79249
90100
64496
86273
74685
143934
91501
71101
140974
72472
43846
16031
100374
118412
41141
31367
93219
50728
90150
50868
63812
94384
40965
73219
80211
33175
2977
88922
110885
110768
10730
15386
61502
33919
140967
81577
124237
33957
15687
132585
94325
22250
98023
142304
30290
37902
71222
29237
114558
66640
107085
1414
30972
15970
77514
51108
97892
124623
17295
14259
84364
52008
73789
72101
28620
24130
29067
56666
26651
54099
53260
83358
78571
67560
12265
33127
67935
36788
61965
133241
74748
119971
15053
109891
106331
116341
41343
2914
17947
77910
53748
15001
119832
16361
81817
50946
51560
113008
48031
112788
68979
140401
40791
44162
24992
69306
52194
140671
108274
17382
51745
93826
88064
46539
140569
101850
96833
140482
79855
101973
32701
105671
61955
123638
31388
69947
102530
113880
96156
36149
130712
104571
112362
962
29226
70395
113698
120242
125363
35718
16007
30145
28010
30350
142111
135843
60184
108019
93585
51064
67951
91406
93624
138202
128393
122057
70680
123324
86472
119629
53633
71768
79921
22165
4119
144333
23098
66869
141353
86360
57142
11385
122011
61234
130032
63977
97848
120560
142669
135482
47509
88872
39548
83317
13238
6213
138368
58308
27555
74912
56366
102039
85807
97866
74782
50890
37358
2710
27908
100351
91529
95227
43672
29823
90949
67102
44731
117329
52372
96483
97688
51930
13955
26655
61529
83091
97624
15477
30676
69298
5066
118594
39994
141033
23227
61193
42117
88549
118617
51974
30801
102295
35793
124006
84993
127157
92161
38695
107491
68185
130193
39920
11959
88158
68503
64110
111719
2851
117841
34583
77175
92008
102949
129148
15509
133912
16122
126531
96835
30665
53146
109793
41111
90716
45904
138291
29022
74443
145047
12681
124169
44019
6807
33726
8663
87387
18212
144014
109977
76903
53712
54213
78232
123447
83858
93044
112845
7828
42718
143039
93019
11381
65660
77350
136873
50398
136160
62547
110812
22300
50848
29081
92853
54416
51480
139965
86353
109209
25559
44349
118391
8191
40545
24262
12822
136063
108577
58744
27429
119528
94744
96008
132060
96254
19255
124391
87619
120608
2396
68877
132337
76762
93277
129178
55396
118960
44999
109841
6128
51545
103942
37079
88027
25106
117577
27614
77824
57455
31282
95353
24929
50581
50876
94313
74298
145283
111258
115370
103439
114910
47016
116808
68359
87115
127743
92536
119664
23915
105234
46904
40464
54870
88758
96152
19460
20281
76994
44186
26510
24783
20769
138566
18258
131258
138734
105206
101315
54329
46004
59
38078
66891
88492
86526
105541
124906
65343
44311
86820
80722
122737
67844
29323
16224
73486
34596
68706
74845
55096
78766
28255
61666
47703
128669
90143
102751
75712
15688
139525
91691
143146
101617
26951
85391
75977
56895
6312
80009
95984
98041
74279
140463
135090
12795
41486
102377
55699
64407
121526
3522
83619
28433
93856
9470
103425
134710
112121
3489
99257
104527
35956
132849
67599
37756
83753
35437
90167
55174
135105
30890
107685
87610
79490
85594
104830
37129
48474
31342
54520
55347
105058
93005
110607
5717
113506
5871
51090
69628
110594
92860
88114
101081
55836
24743
99371
120746
2445
40311
66653
59912
26908
85951
38874
70266
76443
25990
79043
103455
145224
79085
135068
109269
10029
97802
73952
36406
67178
98240
20829
47813
10504
117953
86681
70720
44288
126941
127060
68736
51633
3586
57369
54555
10849
94434
56747
137482
72806
41099
110805
72200
91085
98496
71884
6402
65183
144336
15435
50611
36775
34585
28272
39957
140790
76023
6534
28683
9839
115208
36929
145235
15511
84567
85371
85952
144215
124475
72955
94939
98695
64597
49700
118611
126805
87937
121154
75711
37448
36071
105571
28779
136264
87968
65720
18552
64234
22481
139978
49066
93088
112265
36184
81096
1394
118341
84449
73280
29325
91053
139790
24622
97093
98045
123284
92235
85255
78276
85596
53773
10083
87792
136109
105096
15872
33975
13469
126155
5827
58380
134500
5166
118089
80324
25066
46750
31456
76640
72985
29446
138302
107321
110251
84279
32537
10188
27084
104033
56703
56258
85657
106951
117304
33656
134543
75361
79290
122576
87524
103703
81934
49505
88532
58327
48609
83130
61925
29455
62983
83087
22359
123734
4941
136533
41047
139565
26027
105231
93597
19310
6031
22963
108052
35008
63669
3858
107362
99727
120829
93919
27474
128530
51821
19915
82406
121558
13771
32567
83049
50160
108668
55963
48548
49979
64576
9873
11869
18472
109720
81359
134363
132807
27932
83965
94748
48495
49131
55895
86931
41884
56667
60945
75104
1504
79613
135732
116970
119766
145518
141440
21847
62331
133114
58071
39632
89348
50128
32234
97429
23369
75252
112361
14518
69327
17827
63600
17869
116853
38714
69106
116461
109822
70512
27829
8051
16520
123514
103741
78929
37124
38487
79189
115266
8261
66422
83878
126755
62404
145050
26962
74636
3061
116585
100843
56756
100457
143201
137730
18371
113295
9461
3786
92836
143179
52175
37598
127097
2253
53398
2651
43792
101441
126619
5367
141844
23459
88208
90594
118151
46483
30755
29804
31720
19419
59068
23947
138179
23727
30264
44683
31000
130275
67061
89074
121445
94138
74
109476
14953
102335
100112
144122
113142
134598
16179
69223
86679
89700
41864
8454
17312
102725
128763
66336
83298
51420
142267
118988
123990
30971
53351
116371
8154
75203
13822
48121
110041
57374
49678
142478
22403
137796
31995
14132
89391
93432
65329
123648
25830
140120
144244
27447
41982
52489
67594
24829
55654
77537
19362
126508
109419
75142
43699
134763
45210
120641
113866
22507
88865
114219
71915
34534
32812
69633
31790
121004
56588
69181
17825
96146
122894
102966
36451
2223
96586
41572
6490
36982
68064
125671
105786
27627
50408
15224
17279
42489
67653
113953
92728
7429
131325
26328
63393
38113
137015
24836
95042
71641
68658
52126
70992
112161
136948
27506
91234
35340
125216
39587
114571
94815
131457
4931
133567
122288
77365
100394
119273
69668
41195
8639
106510
140874
25967
27787
90078
18585
20548
31292
11860
140982
3706
45770
35708
84866
11187
103947
19089
20579
60899
126038
61080
132259
96371
145563
88839
47352
5100
4459
71252
48135
123183
132216
102091
139536
25655
8164
12198
43494
126045
145144
65064
134787
30187
99426
91360
8347
105725
41438
82039
76710
8129
24672
65043
39059
144797
3718
81273
23347
90089
30787
119099
52221
6958
115062
81029
122864
13236
102176
24571
22194
83085
86436
98770
54996
82058
75905
62842
43658
101577
113137
74106
47815
127417
142154
129519
105631
19392
32130
76188
36223
22572
15137
21052
59437
127790
80037
129002
127265
104279
1791
33078
122053
85547
113593
40937
127740
77264
145255
70071
131395
73428
51839
141654
67680
43541
12255
56491
82030
12518
134033
56712
88620
138942
132936
35500
21035
41695
39653
62073
129505
120309
49316
93167
78204
106779
59503
122159
59266
23910
92213
16908
45366
80049
71919
7655
74569
9348
120359
35354
47417
125479
69890
85936
34963
116086
123141
106798
96410
30146
16950
26467
78507
26625
7985
111789
17177
60374
99112
107626
53886
120710
9568
97864
123679
73388
85381
69092
9816
37947
25310
53560
41618
135653
80693
110460
103531
75171
33900
15274
7770
42
112966
128776
61208
138062
34068
47559
125622
96128
29084
37887
142343
113005
100300
35939
2996
119928
11250
22688
2788
41400
79486
17613
57776
56124
38061
70334
126843
127472
17459
118899
53148
135711
88179
133786
53708
34397
13713
123479
53587
48855
69322
46940
87173
137441
42948
15362
113228
113367
131631
60081
52337
13187
113030
8676
88520
47701
125633
110010
3817
140580
12946
68528
129688
27848
75370
91837
76122
110633
7223
36675
131108
32751
75605
65874
29175
13385
100757
75884
4792
104925
50591
77299
135829
71924
42910
7138
119162
136591
125835
102570
91221
112321
74377
71577
91434
87474
100443
29917
32237
24287
106861
13192
59822
76227
128177
119038
137617
53173
17925
34588
64896
101250
2748
126143
68241
87055
25122
42034
125140
19972
81340
66218
54248
57716
64042
95299
114367
7846
127978
34970
2733
135209
78288
19627
87962
90780
43424
95809
61804
126157
92997
57591
57078
127770
42601
134235
64671
92746
4567
137971
141918
52404
140744
54348
81512
88647
135287
139490
13075
9415
107080
8846
32943
26760
1268
53849
40988
103385
7819
88053
12571
48078
78656
133809
49093
77002
87920
64428
97935
92262
32616
75181
119266
92800
55808
38675
49620
96688
54867
137323
67144
85741
122985
143233
30596
107800
27673
59059
83310
8922
75301
70210
92748
82188
78771
135796
5318
73325
26368
17051
138733
58792
18112
104523
133853
56254
49163
57448
86798
20907
89218
111456
80716
19141
735
84493
6083
21184
97086
39386
91748
52995
89200
123609
47257
75348
114293
46787
74576
36390
86026
77539
32350
62324
40642
78760
128860
45709
76421
124456
54121
59043
48341
121408
77163
42608
82983
69274
133125
67868
93027
23482
44274
14355
138321
136386
120043
142226
94451
55850
275
17268
7636
82662
15488
198
45358
61368
117679
4282
72473
53980
25060
30306
51615
3307
132623
97656
110362
16137
98201
115044
77294
47969
74098
49586
56361
96518
56465
21087
30488
68714
89314
4704
20890
119188
34798
10914
46480
46595
62528
71725
52503
66860
68893
52036
119681
106119
65392
55333
92811
42421
76785
45940
138553
53445
69595
83526
42153
134728
138510
27003
77897
5956
39912
47659
11541
84293
83464
65494
53070
90367
130536
51196
72864
125449
124991
11997
11088
60418
46157
104413
106672
50391
46450
119868
38257
124009
31655
51395
130023
127938
125432
43420
81805
129992
74151
61517
78521
16759
126983
73051
2232
32698
16374
67735
83070
71935
43995
104939
2373
68923
113406
63070
106886
52430
74578
23791
123682
12716
64206
83417
139414
37950
135690
125903
111625
66504
31911
75746
33159
134307
131292
89820
61366
114847
11858
44373
138878
15314
71410
7
26002
94293
128037
7993
126769
71177
130001
18870
99414
133482
10446
48694
12985
86323
81491
39375
30276
127095
80284
72947
50556
48759
102673
12130
40652
58656
44879
33529
66594
134449
87200
134408
98908
28242
38973
141777
33348
29638
69363
19426
95752
11412
85491
60932
55019
63593
76446
84510
27722
13982
35702
31113
34772
116467
92275
11134
115943
95424
86682
71113
129496
125231
86533
50999
38572
32206
12657
128582
4458
14382
103876
135227
36531
140123
83634
15292
92859
37385
8395
36884
135851
43099
37872
1473
93435
55812
5356
58122
32970
132000
84314
24174
20531
41262
113957
62277
94130
29030
11579
48710
123967
43015
144951
124791
27199
81664
111843
58300
12326
55994
117111
130707
35348
2023
97090
135197
138502
61196
131943
105066
18913
47175
69360
10104
84193
13525
46627
96039
18394
73029
139562
38307
57011
87911
115282
101496
60055
58482
4630
14379
10720
84294
59996
60679
87367
135217
132436
69578
29641
59908
21672
38221
75003
54404
134757
4913
69033
57780
56813
35996
116569
41687
115275
97740
77123
39308
133003
34342
142027
43562
8231
143283
107875
28466
113146
120485
52658
42375
38861
57632
22962
52707
44665
87351
30428
83005
112826
139769
81677
119090
60953
51529
20285
75924
96108
64453
16158
87208
62527
106849
136653
19897
12194
18361
54044
129653
63225
97379
54549
24638
66313
29987
805
38260
138676
91252
6463
39046
103350
69093
61127
101797
83590
97542
33550
40152
119514
90902
123422
129175
53921
36065
140827
3835
1176
94144
95474
96061
77360
24035
4622
129889
141396
79701
94896
44831
139189
108369
86729
106333
8371
130090
54183
2394
20788
28278
132256
82285
96147
107265
73251
96703
80819
72601
109120
22746
116662
14280
21094
115644
101052
143609
82467
69453
137667
38838
20386
120207
7608
66582
4076
54092
57601
113172
97275
67366
137056
12134
56719
124398
76709
39068
32770
71441
94348
34712
25790
43803
125467
54685
22333
59869
10662
80942
345
53473
95991
83463
42558
45941
103384
78352
58640
22378
87822
131005
137849
46333
60189
72700
68815
5860
132862
77999
87205
87339
96211
139075
88202
26992
62866
2304
48851
105100
79499
41495
1599
83988
138759
115746
2636
41365
2725
35774
65164
106239
142213
37963
38165
4083
82256
118552
105032
74860
132312
89113
6073
114054
95236
94989
27565
82615
43790
79606
92666
244
112123
73748
29665
65327
14476
66900
30242
100194
21781
122731
142499
106051
61302
100832
122396
104
30414
19532
7427
2007
77320
109704
136319
43903
98984
123213
141693
1525
133947
11197
25648
33804
104296
113335
50596
96546
39083
112351
76859
87484
50260
30010
51405
41160
49559
22612
92167
110953
95873
141041
6214
139345
99242
94513
1712
8981
74584
13251
18358
108804
130251
122643
120113
46743
52118
13329
11741
41359
77968
24289
97718
81442
144276
28429
22051
90113
119852
138076
76615
13873
87053
45643
5577
45885
144561
71902
99637
33166
30626
6816
111217
78963
137614
117142
68105
38007
7110
34741
39554
104225
65685
122405
91564
61254
76678
97063
24273
16355
76976
109735
3630
41850
111613
67183
44838
80977
47692
48966
125660
131915
38115
66835
25374
118714
30111
134831
88293
96213
38844
19805
64529
95551
114217
23514
61327
74617
123169
71304
109
126978
19173
120928
131676
27689
46076
117604
114228
63012
138586
127710
101665
91082
81634
79826
56115
62342
78224
96874
19274
100993
135476
137315
12736
42255
125818
101911
3122
41735
132922
97351
989
31513
88508
56290
121719
140266
27296
41267
106826
2359
114085
33481
83052
632
81905
8870
56733
84972
111597
70380
69486
49270
112915
128325
132613
103532
133605
771
63566
41217
43432
110514
48651
127982
101011
22732
42664
75474
113197
6841
113485
100728
131424
8825
27849
83929
983
104570
16294
109989
3048
26530
52168
97354
135655
35059
127784
136196
17686
13630
91609
5306
55409
49479
144134
121298
68302
64130
7562
60715
105427
63398
56863
80266
114585
12732
64233
3865
96140
706
101423
26025
76590
122433
135546
14199
127723
8262
96112
141592
109976
47318
83226
36053
6157
119455
73673
49428
57888
80757
70335
120819
17473
56730
57421
36290
78951
128626
56263
6036
47959
85054
67096
90763
129770
21560
104026
91556
45592
123642
63046
78592
140224
54635
15828
60920
77295
15510
44076
4761
110531
94793
37656
50864
107458
61961
18771
10855
32727
29430
92308
70166
65863
80201
15369
6492
57583
136693
12414
95837
122811
13935
90024
20935
81158
64611
16360
126223
107753
99433
94742
106552
111816
64301
21492
136843
33785
2577
43877
56970
34280
29479
4603
91696
12699
48424
108410
102339
24485
50785
20042
105674
120455
109636
8818
30237
77388
85141
38299
63289
26937
78515
91157
103588
2759
113398
79947
41335
105343
100256
14805
40582
68511
138478
83002
97878
113801
107299
94654
47752
69040
3105
13711
12906
59436
27061
79770
75095
93334
50740
71147
8581
51840
1892
137491
105819
42118
3862
117789
90205
101984
64952
51766
41537
62130
105684
92471
8109
61620
54438
42019
103096
77717
85699
139122
56073
22311
57615
129161
129422
83188
122347
132243
74008
106820
105556
125870
95829
135800
34941
108559
45817
50162
135599
74829
56114
95364
80733
66441
134493
104164
141227
89027
139974
61198
7474
145217
29604
5700
116543
11038
20895
136848
42346
34722
99864
58421
54087
36544
110748
14264
73652
82790
24723
102887
26950
16786
45705
40955
91377
89497
143654
97476
85519
60076
95519
38384
47273
126349
55127
109017
37122
136416
5771
49889
136526
44751
13331
105912
113884
87942
70474
10493
140507
83361
73232
126953
43921
58846
16797
24040
29673
9301
133894
6998
96619
28846
81534
11944
69468
67116
65013
61652
93105
139088
33474
96513
126940
113671
106719
119147
99716
107323
72761
142972
9894
3736
61051
51024
87703
116494
26029
89402
17432
76499
130148
77098
60063
93166
72631
56302
35138
59703
102185
53293
41059
32192
133138
630
30421
14062
14014
37411
49827
92258
114807
101366
86759
16885
116930
50606
141950
108483
16619
125054
68652
59758
92150
109763
101116
85628
140777
59662
13904
54358
48849
23439
126833
23432
34621
97052
73002
35607
96652
39464
72514
47618
89246
27035
14827
112471
74046
85861
21567
93783
108068
37748
49135
33623
106412
142564
12801
78228
27208
77558
127186
93732
118270
9203
36936
35741
14702
40860
21610
49089
34553
88878
142472
86499
143122
107237
144763
97173
124225
39163
36438
19442
12307
37698
83743
15472
96072
33942
116989
136226
63084
87272
32653
87826
80567
58610
7491
125580
87842
120013
37089
68455
74633
2035
38050
144192
37040
118810
144054
28985
72944
112992
76423
36584
27401
93888
131682
139912
41155
21453
55212
82074
18844
89754
112122
2240
89840
12970
104724
138661
47596
67222
5776
99034
140190
6465
7116
54627
113230
102082
127070
143200
138954
29218
116476
27817
31324
12935
130175
73343
43438
145387
3902
30523
15813
4722
5114
7267
48649
24868
114307
85690
129856
130145
24436
49431
57280
79875
20827
83485
122174
31196
96264
142242
86240
51636
136585
73457
37210
134366
26428
119368
