87516
139586
120682
64910
36862
16585
66290
93661
122033
142025
5035
75808
40339
131128
2670
75292
8134
53245
139360
11847
47674
77067
85370
133290
40983
96688
1525
97276
130169
26791
61781
125894
116686
23460
56056
75726
46145
20453
49606
9658
110765
128634
86711
137519
22010
68037
24513
22836
111631
101552
145015
63235
66208
13808
129228
86669
79764
89648
30645
9182
73487
39015
103262
135400
130128
85771
647
53909
49512
80850
89336
118727
21251
62714
127479
34054
140390
52568
65319
63707
93993
4008
19878
39750
12604
132729
62348
131547
139955
29179
46099
52013
67222
25073
13532
13938
125818
142301
138942
96752
74651
123087
116861
60204
27697
53889
105364
111712
127206
103025
132138
98271
142251
94846
55638
98821
50519
125024
104137
57872
46536
118055
85275
31265
99827
99711
38066
10336
56729
77036
80700
3116
123536
9494
98595
144197
92734
80828
20763
6400
51376
67397
43061
145040
130955
32788
19738
109292
134569
81446
21642
15674
106529
7695
82473
37698
104543
143102
105475
32594
75065
61966
99436
98051
70357
29108
89180
119315
4959
8581
12908
89177
43026
90621
97146
111939
7072
58404
60073
104980
42214
114262
69557
24628
115312
126763
104071
107507
118481
80352
107619
58693
2554
7858
7613
130369
95802
117972
38173
61721
29749
31905
137759
138424
9136
60258
78042
24725
135151
13113
113300
129343
54570
82167
523
95131
91631
100342
107261
106577
69755
66463
100532
92363
137455
82152
107350
138086
88389
123124
129103
19737
114924
138870
22039
133832
104817
39781
97137
97366
97413
5978
64610
85514
120336
123546
107961
15954
104125
13442
63591
31876
108451
7929
51764
89251
140102
43066
35248
105585
102500
28293
108452
87053
127068
9905
133491
82263
108570
112218
66034
50458
120506
95503
50501
30524
125050
145314
9248
58372
28684
70093
46659
131620
111500
70276
98415
27430
39843
111066
87655
80336
83074
125079
76533
74685
46666
121338
109871
26400
132756
95622
40892
4156
61344
62796
131337
112804
53585
16587
53155
49981
58626
56246
138906
52407
6121
37927
79244
24630
45538
136053
12201
127843
129697
8318
74239
11728
77143
33421
110733
116256
77086
49711
86662
84312
102422
124559
118211
107704
76785
67789
21842
123415
61012
131534
4153
8838
54906
136463
116433
51064
78590
62289
19683
94667
71747
97035
84093
76284
17906
111527
5867
143058
110965
46130
15380
132984
98559
32990
63367
10847
88142
11914
38189
38690
103948
144979
67664
89591
12799
86378
99573
92877
83848
1949
144642
15286
92417
128307
68753
17399
114930
97343
50310
109190
18568
81873
107904
30915
53126
64029
5473
112355
21552
31841
99733
87611
83055
50692
8563
144021
23067
129746
10187
36674
50492
47474
89807
84404
35176
15152
45880
66052
57570
45800
108577
20089
47938
134551
81775
89403
116407
120387
601
6000
61440
105309
76517
904
19519
92614
135533
51619
53595
57185
31854
45129
126249
67178
60209
98005
109501
51251
77994
94832
88479
112860
130377
34462
112374
138740
106831
129733
94689
50043
36447
143450
105837
59990
1379
89821
6286
131127
69252
88517
28225
49637
96121
63715
55106
35243
126890
113729
25834
68488
8798
42687
82520
42757
95259
90391
53025
99500
101091
99430
106040
29447
124294
39723
131753
77778
74731
33326
114056
144224
48284
76358
15423
64041
115620
8968
58559
94780
124687
27852
81940
95821
10025
129334
83618
72108
78574
94304
82698
78278
73904
9820
90351
26253
133826
117779
45812
54773
131896
10055
10758
17531
103117
76043
22138
45323
121919
28378
127319
92583
29282
104813
8113
94061
1431
118206
114587
122931
32871
135537
111266
16266
142809
30911
75402
65499
12084
11054
65001
103667
81063
50409
93457
57926
15661
107877
49419
53690
42910
56251
128867
38513
10319
88675
64507
26621
28047
54296
103062
36474
57220
72431
37253
71203
96961
48656
86842
96541
67643
123190
105185
6858
5964
29932
106275
10647
141968
127734
17030
63789
140142
139442
86412
92764
86653
108735
104151
107569
69246
7384
100088
127959
77679
64717
85769
88395
137015
71432
72243
108750
67751
42506
109784
49353
89995
60473
139080
94805
114860
115118
55391
104074
45616
134038
125043
70448
29766
30595
114390
125475
7688
108276
16385
138701
30770
51804
105251
141061
115940
56142
57363
63313
144481
44102
48660
43227
74506
32375
17604
48447
116014
120156
60169
36699
138384
59259
18400
88724
65931
97958
25779
4593
103901
53433
82877
73653
119606
64129
20877
85154
118154
133627
137708
84876
28527
90719
79056
79634
23017
77040
7116
25647
44897
39134
25947
47105
145250
102730
57478
134527
67018
139012
27555
93458
84090
115709
10955
61852
79306
69868
24953
142990
102640
77898
136180
128601
45811
118123
75849
183
12616
86648
36093
6290
15802
103721
64285
75931
140276
55940
89768
67163
62062
12060
80225
28411
139980
127153
77432
129117
86572
1961
51623
18692
131455
111127
88875
108539
91168
127607
62869
121827
28434
128148
142913
82397
868
12163
73979
85793
15264
131287
797
14900
38483
15339
47338
88173
4190
52969
106774
139882
128205
121291
131125
35969
10009
124788
29414
110791
121580
68930
4773
129215
104514
135661
107607
55130
112626
88274
138032
54816
25901
119618
70531
37623
135208
106991
21158
87650
113100
101053
4819
138512
9036
1913
29556
19556
55182
127645
62562
51628
142626
116608
25395
58195
144142
134240
143008
103932
126098
72415
18669
122324
38059
53357
32351
254
127298
43290
108035
143725
109167
6077
131880
3151
73819
25940
28102
87744
22334
100900
70408
41893
105493
82044
138101
16722
129154
62380
89872
3058
108889
33514
28448
17721
21992
83864
11749
141288
7441
80207
77954
92929
129750
115341
123020
108862
43561
65303
25736
129807
34965
22053
82904
3718
47117
10202
65087
144835
131267
134707
98616
20670
15524
70658
110011
106099
51229
136460
123046
77705
16009
26483
6594
95179
79422
42688
41551
86613
116121
16530
57883
46551
71987
9860
144991
70803
33835
86560
16168
276
15952
6177
105810
113466
4755
33222
135660
119594
113246
124875
12035
7080
31230
82794
104454
129079
15353
18504
86632
11812
43930
41195
3376
67444
102725
62358
84051
33890
135147
51442
45359
108645
31775
87018
61420
8896
22606
132705
145455
102162
128761
139029
12295
21240
92096
118753
65274
66033
43467
136116
131230
64710
141562
118910
54872
83044
89825
39812
30476
35406
28606
122975
50813
6397
131028
39305
31611
117354
91514
19215
6510
34696
123763
75136
60319
16469
142216
5963
121603
5786
84385
93206
131978
102700
68539
29394
65066
107642
16289
33914
124293
67238
48827
97550
51104
4169
85428
41463
7576
59343
22180
83905
100860
113643
94763
135598
109870
119529
16656
134273
28454
27280
65007
111252
17972
51095
53746
7902
36403
132572
136160
111845
2914
58707
130972
113805
80748
54175
22471
140003
56594
8263
45493
12881
9545
64269
15163
101545
131709
131361
79052
86303
2396
93381
55898
84596
134940
6715
83694
12024
80903
30043
137382
12848
131659
27018
126455
77644
35186
98403
117362
35453
28517
16756
47179
2852
126888
41929
76234
124630
7029
39343
103836
126635
77095
92841
105883
75352
74248
13024
61426
93079
131290
81015
101023
2029
53509
70160
123524
122248
79749
125184
84678
7898
90359
3365
66325
119954
65612
118177
18740
122667
100679
97309
24978
23432
70776
114663
81334
14270
109059
15873
3888
115744
133732
123086
118819
36421
63163
128424
23022
131510
104429
91272
22874
69315
84192
19960
126139
67378
25006
131384
106412
42252
119056
141660
61211
14125
139458
138061
107291
101259
143360
113764
11759
129771
119957
104586
120945
121862
7256
5890
101824
95936
26516
113504
17843
130036
53627
144338
83954
125837
18233
3707
4462
77734
1446
81578
50971
26875
77729
82172
136964
3731
108621
126077
64644
126524
133670
99752
67005
8260
69667
122268
142514
3177
60387
71222
34475
63615
36180
117391
51886
113009
48486
126093
17875
65181
24396
63640
45881
35476
75661
41001
35457
109530
38869
93600
121447
58979
128363
130161
135288
37223
93869
51264
124170
44393
74865
27072
103420
143021
117815
115774
95364
134531
143609
17677
69694
144479
75788
19995
37057
122535
8453
77186
115840
11875
127587
436
38680
96335
90243
54331
124666
63669
27834
15666
36499
101861
32926
31881
15707
109799
121720
129127
33795
93863
22543
87850
24905
33471
144599
86218
125339
24315
47761
133907
108421
123136
96966
23145
110845
72627
113372
99293
89754
58902
19174
31038
44912
127145
107538
79170
27696
32006
6880
120522
127489
8558
88450
130564
57945
49296
12680
38442
18967
104185
24009
80507
54801
37557
127066
124047
119058
90486
19932
41771
118740
4033
8250
122691
59350
105533
7719
115646
29923
46106
120648
46250
5103
119892
11453
84442
91523
112699
142352
89877
115160
69605
110803
4625
88947
90736
1396
117639
87495
110176
54163
31520
18662
135149
74991
131025
46210
136866
82884
50410
114912
116266
26676
44442
96028
74667
76218
72696
108108
15088
76647
29409
46346
144247
113802
22645
113744
109088
133424
69521
10227
121446
42664
48700
32951
43462
95063
49398
58778
11457
121051
81092
139085
93996
39857
123510
78533
60566
88955
87488
25769
44014
47525
85209
142979
137496
35475
23633
63922
101950
91460
101161
120562
1626
66802
103064
60018
61262
76837
12996
106021
105143
92875
98978
35623
102806
144995
136322
141418
102427
3051
116468
89661
36491
38871
46868
81784
84181
8579
143515
45306
2570
69670
107152
21564
67172
104651
98322
15672
131966
130065
4780
80412
128289
43772
33987
49472
71520
48920
28543
87403
86496
121738
36648
100569
119506
145443
131131
111233
73027
109369
56691
78679
27490
11701
762
85635
87632
32723
22702
28484
103798
106549
128106
118765
2071
70731
106345
144373
74597
125656
77839
28914
38467
94972
51364
99846
84056
10241
5682
50510
105017
118250
142799
42368
110550
130180
75586
24715
30559
68463
66098
116722
65424
44398
60245
144650
86526
138999
91056
145547
5607
25329
25342
76154
114042
64965
27299
73158
56850
118500
94265
121898
63906
100023
58107
54698
140290
85867
137553
82036
17013
55385
145435
93801
74639
141052
103530
67943
32436
48602
128047
93407
32059
17081
85661
82400
83884
89571
25194
43177
111643
96225
122417
58959
73150
47073
23338
80912
91121
138221
118514
97804
25539
87891
72468
98884
18183
68085
88321
128286
51531
77356
112567
119268
90909
107588
47749
95305
11391
18827
28417
54093
71962
79134
57125
128255
120093
21203
98108
97223
88057
76447
69477
99575
17451
20699
129561
91997
17863
100683
126264
134104
42072
134295
135819
36498
128290
54820
21747
48873
7189
35682
136578
124451
102675
36384
9270
41797
141566
3010
107463
158
113492
71292
134538
123401
58675
2204
63956
141761
16339
72899
20269
3612
19874
30541
4502
99128
83031
22217
10355
34034
123069
11821
142021
23852
18025
91123
72168
13289
4009
94174
138198
72565
15151
57056
31849
105479
32656
80347
4341
104943
133729
87415
110315
79393
125066
71415
52109
20296
48130
20067
53532
109829
111671
139040
124339
16819
111150
116862
31482
25431
39018
100982
90426
78646
30210
143377
144335
53227
145395
127848
115587
30122
118616
80172
4370
62551
74624
40856
12825
45719
101011
70301
126678
113138
19139
16849
95820
72497
144964
100113
129562
1206
58887
125886
66878
50701
120040
121271
120673
144223
37925
55862
36462
51422
143101
30682
46361
110347
53659
126433
30415
122041
18579
49704
77857
57066
70037
46003
130357
139751
33629
27698
19692
65718
137683
103276
38349
101159
28073
119410
139363
45244
30983
9347
57531
139771
2693
1948
70249
109949
1697
115599
113338
131694
61962
103412
77280
34430
18257
27630
97548
122113
96164
134281
100764
70710
119359
5389
54515
75966
119810
36169
123197
98878
27050
59146
64013
33814
35012
72528
104723
6887
133437
139496
31030
33368
21433
142618
51558
67609
60211
89316
81842
77411
36688
142736
49074
136098
5989
69224
83350
75297
91348
76016
142771
126806
33487
98105
55394
39437
94242
91063
4451
75495
20789
109130
9095
99610
84741
84702
58168
145558
1724
141
145110
55751
96786
68270
53497
144340
36606
57845
34333
60632
51599
567
131589
11044
105324
41258
130081
87175
26764
40692
83120
34728
131841
124669
94374
56456
74919
30301
89480
1847
46894
102950
72670
28944
45313
104236
86715
95395
90876
20890
31640
77709
123250
48002
37865
31591
56750
127498
90383
44269
1750
116567
87880
124330
97994
58454
1467
12161
84956
43028
99254
82828
75285
51900
108359
31574
75332
61586
86199
9948
45476
87541
112902
67106
69425
126506
94056
14977
16875
142802
126833
75890
127480
92249
87728
33515
125692
67710
129611
133221
899
48874
99709
42334
32630
114236
116040
133622
44604
107534
72270
54435
124303
68110
100203
128292
121753
71169
9168
46391
33194
81988
71322
111153
78955
14158
53061
34689
26162
111816
59443
83315
77416
30443
62866
108888
139644
81290
136869
81527
135547
96303
82413
3784
38550
114988
83388
63380
63104
93806
15840
50862
77880
139291
77567
144043
140943
52073
33073
52798
59852
102426
3703
49595
3870
83927
20328
122775
29667
67242
27192
57549
69379
92143
21388
28458
28391
22136
135030
138292
27984
125127
104166
43787
41818
17076
90211
39733
6093
72165
56824
116082
84812
12615
4769
7823
32046
17096
69758
60107
129632
104303
83054
46344
97033
3363
1538
137192
17052
138457
41028
23024
132116
143739
93687
72850
104521
83561
55204
110303
107077
61268
102337
65691
265
53281
92596
113178
71731
70129
36970
101102
6965
17928
26788
144662
36314
22596
104033
61761
17287
31437
123783
49713
116318
55
141530
143763
43985
67110
72039
118435
95946
101347
99618
121152
31758
22218
113290
136178
91419
141980
39238
98234
126652
78184
74034
17361
99890
55454
32020
32971
56693
75846
141728
51892
59381
25505
14458
53087
80859
125910
108861
136711
65416
16551
4852
15583
122637
31871
132641
83190
86688
84079
91051
129358
83442
128954
71195
132662
95814
59164
83168
27778
126653
60816
14952
56141
135994
95708
137647
48351
93271
117950
8063
123574
75454
733
140381
16654
14946
108533
7552
33701
23462
41253
140752
73977
71699
129743
18062
137026
117536
144321
67980
104693
62516
133709
126441
3530
10889
87302
112106
26325
130633
13784
82026
70042
79073
102926
38479
30408
33996
61938
126988
111392
26657
45779
58964
39096
11115
40995
20970
22288
144555
111912
142002
103556
110696
30292
133715
111857
106139
7352
133331
102888
69555
84692
9139
143401
21030
37975
89984
14476
21275
142790
88430
70644
113881
14196
59624
54792
22988
138372
142447
65136
83292
64434
1628
113429
74522
66891
49763
33651
114728
128240
143487
77112
30420
72634
126352
126780
48211
111559
64132
46967
33523
134106
9259
136844
137886
121887
114192
21111
130378
46022
12698
73087
85162
20100
32395
81619
47613
74446
95690
41607
47302
45803
73843
104295
50550
43898
113107
81885
62242
83557
32264
88877
29980
73102
140253
57639
65163
141059
7434
64753
15438
114915
128335
71597
27361
102182
25031
141855
67995
17723
40403
14438
100623
69392
113309
93317
128203
142207
68311
138481
77385
25007
74558
61172
46467
82108
125885
65003
20147
132757
25226
96009
34074
94591
126959
52424
41831
92433
145380
39688
137636
109309
16769
105146
139730
12205
105442
6368
90275
80470
49041
15227
138980
54607
28544
115532
22166
96617
137696
110195
129368
134213
118484
6307
97073
144724
37110
67501
132730
95972
110117
38104
47208
36457
142322
35432
48812
108122
9426
50323
19793
124237
33272
78719
7653
93393
65655
22634
18543
123358
99976
126724
118744
33318
18971
49840
65576
96244
11778
12368
90603
20650
61405
113403
74554
124738
24584
23525
362
72671
8765
37203
88114
50668
20275
44291
32515
11238
88534
76407
114488
73571
25129
127133
80264
53905
104616
8873
119686
121370
20410
137592
27062
112120
15808
60172
140654
117719
69845
1991
144602
87224
21341
96759
7555
60231
120116
2521
19371
1071
30168
1459
31152
46232
77254
131741
129438
100141
144150
92187
115224
104443
102934
97113
116864
44575
131747
92175
39632
115822
14671
95479
111829
18170
10404
57893
31236
23636
74431
16054
112032
133099
44966
92330
133201
102754
4842
35206
10274
23565
139590
143373
117242
3504
28024
120799
106450
65557
142694
49929
59225
81244
92599
137261
37428
131801
135095
121006
19685
48842
113016
35524
66215
107895
83459
60619
112930
110403
11807
23602
3210
77211
97054
59001
106552
52813
81663
72770
93818
26191
71537
132953
58747
54486
86756
63745
79303
50566
117081
140478
82195
41456
13263
132884
13694
76801
123673
58687
40428
48644
139471
101198
3852
59769
2415
62199
81976
26284
57095
28424
48143
89628
48081
131597
23532
20173
63195
93168
130947
96049
95207
101682
73573
72340
30147
72170
118759
71399
99183
132149
7829
21032
50525
118375
1933
118695
138796
13686
85780
29606
33404
30535
109326
72848
139512
102168
79733
49076
5701
143390
119930
48235
8003
141428
100831
135705
99829
25017
46960
112542
137379
45806
144466
122477
10888
14307
124505
78757
61150
2084
121759
50602
35872
93197
22212
114602
131992
87022
72583
63156
123450
92751
7720
90586
38011
64487
27277
132250
112596
58533
36228
39237
55663
40834
6270
29445
54940
72224
71725
115736
120415
28304
77782
9641
8694
78393
132351
25604
81771
3292
38009
58278
39376
96393
113736
112064
109249
199
100475
28100
11845
20366
77865
64328
117819
7480
909
27054
2718
106620
103164
24318
64054
41067
8454
44939
12903
31459
56254
95093
117568
77724
121137
38720
132330
96383
141007
47971
17805
76879
17882
69123
108354
120437
84578
17631
97456
135795
43579
29664
73542
116145
14131
127354
50305
82230
74284
53151
96874
102645
141816
96447
143714
124218
115051
88442
34607
112153
96523
25637
67368
82584
144884
124286
66804
10569
109245
74516
14033
7301
68634
27136
58466
39489
102170
133811
73135
80638
93786
80755
45860
11421
129449
14487
117118
85066
62964
115279
40678
15762
74283
120717
136556
17806
61068
103126
130601
135213
145495
39760
121959
121053
42264
69405
118599
114758
27132
24283
40534
98026
34852
77367
51719
36316
31526
11328
3891
7660
128883
96689
71325
1938
141779
65887
124105
56130
67854
137620
53556
20632
58791
103717
140932
137254
34564
39037
137150
56282
20698
135593
61206
47829
129796
68211
95249
108052
13956
101438
62387
5716
110844
32581
69532
49899
47021
93699
124826
40250
115136
104104
26104
19100
118660
25614
78782
20817
25328
10476
106334
12804
56435
19484
88220
76386
130895
115572
43310
112031
42209
45998
135358
110293
69483
114558
80555
62669
83798
10974
20154
47865
1214
18597
135822
118405
71412
15196
116335
126010
103146
132045
138186
2569
80496
79736
145196
92490
117764
86845
45106
57567
91489
126761
102630
79899
21825
122360
136102
110694
78019
79373
4962
63216
121864
1505
136264
76501
111994
145285
130123
24237
45994
28781
93930
103713
10668
75565
40191
54754
98148
81969
118702
53837
61752
29107
7285
78544
69850
115639
71473
109547
42255
3226
131053
142986
58743
80372
95321
40416
117788
76731
77144
27259
77141
131385
44620
128594
130654
11394
129223
55099
13385
55362
120248
117281
84439
15077
90419
47569
33227
20679
133126
105354
39614
124634
44411
78999
33477
10932
84026
16968
39662
91004
86710
66834
32277
48090
143731
88617
83753
61871
132418
62809
3219
78482
106293
117111
90885
19398
4732
124155
46791
48023
134699
80575
52678
98469
118842
1611
116467
36363
113917
127634
34314
66881
3032
63378
133370
97667
98163
100951
78007
8417
53683
126128
140326
60602
116669
86462
107960
82514
77606
64742
74170
63916
107867
48476
74579
49565
66162
121492
40426
30487
104669
43797
78801
1958
75007
143060
48296
15293
134217
115103
111186
58918
5347
72151
42901
65709
66275
87512
99995
41437
142067
9756
100576
25696
14709
97471
73458
142668
118340
101250
8994
28301
126823
73506
61263
53261
42606
13752
8205
99484
22620
22841
26863
132673
105319
140976
106548
51245
115791
91891
86694
130006
60166
11975
30448
12192
76536
24505
63594
121202
142094
132242
128185
107217
107540
26539
57429
112812
53152
10375
90252
103290
19595
37692
134401
133091
2902
66835
25198
107429
51178
14773
90953
55023
77668
56883
43882
85354
124830
115426
96730
126993
73406
117270
136845
3648
27983
45707
35111
107344
82255
113312
99906
60259
24620
9980
68731
32663
82442
50643
114293
58053
72432
15887
59180
62706
66903
99866
141881
86434
91551
63232
73688
427
37243
90002
127156
66517
89842
75819
5720
53545
20554
24410
60180
19538
39617
17454
96380
10344
124514
93969
73824
124778
38848
102414
101847
111183
10500
111931
13911
38400
12921
3028
944
33703
90334
66689
51096
134570
35702
68952
113172
63402
5495
39765
42880
110374
48550
28512
64501
22973
56214
53918
64983
66998
32243
53963
41192
57595
107133
29638
75467
19858
128304
66992
129966
117164
107391
18376
15462
73764
128868
90972
136060
124380
7302
74697
114012
99542
42912
106315
36135
139226
41065
90022
88940
31831
47360
137957
132444
113772
18336
6821
79051
31890
45068
103075
17482
29806
39810
48879
132854
70389
12166
75176
6028
74735
10050
102585
38644
6703
102857
123788
23033
5887
114920
69155
116263
76737
27315
138589
67442
76467
104414
116893
112266
44514
125244
42737
88345
116397
144777
46350
82989
20351
61806
80257
47604
113482
43265
120636
85356
51917
111155
95549
112213
137020
2649
144668
86011
4545
67701
121266
141225
24428
116593
78725
17885
30737
126741
5351
19998
95192
18085
96903
96211
31167
39849
100004
107315
132882
2298
42516
119761
124622
42381
5019
59099
134512
36840
103645
83971
131733
59602
28772
123443
43600
60883
52094
96643
47954
87690
50316
102545
96833
36497
122499
82732
27567
89686
4155
110785
132209
71713
41705
17254
56998
60647
144477
138820
11130
91268
37781
31507
95202
139158
831
134820
92808
99466
59137
79261
98376
15595
41986
16678
64635
31103
113872
84262
1844
144346
51954
125759
35534
15466
862
123566
18814
77092
99531
144857
10934
140947
89808
134869
21827
129869
98038
88122
142266
24104
96625
44624
21342
38548
7202
13224
15838
45473
49743
2591
30844
62934
139748
78004
36351
138907
54730
61122
21870
18898
5445
51851
112890
130556
127540
91643
43312
131242
26988
120020
122718
76408
100746
126942
26300
57759
120669
133955
128749
62646
72906
77751
53655
61061
58370
51569
13154
74007
50596
135720
82529
53853
52009
5788
14121
20829
28507
37259
98484
6257
119419
75959
47681
12982
129455
13319
86850
123230
78011
144919
89963
53675
118306
12213
60799
34914
98869
106472
96843
21584
142517
139487
134738
115229
8434
36430
25895
108063
23440
39206
25093
2220
7381
6909
136020
97546
119242
51353
105507
122658
141241
138511
116330
73333
51447
10226
4918
130407
75549
82089
111501
110532
48877
70233
9459
22624
46297
45760
130303
30557
113864
566
29799
5110
138180
70875
7336
142159
35886
66741
102653
51263
34134
10885
135132
114347
48749
94040
55704
72757
119706
58994
78381
45052
121585
144862
83122
21007
58142
94613
46573
7821
84854
8996
131973
129993
67455
32423
131602
65741
55226
56068
129181
85554
50209
93602
3802
22529
58813
129112
118086
59302
17696
26653
142872
42316
61833
105485
140393
13132
1648
130530
108906
65788
78739
85998
122313
128707
65225
19212
3901
144551
101149
69759
103460
16002
138078
47975
21360
104541
73611
14368
108203
124933
74146
15788
110573
12729
125945
70059
137051
17525
29333
12490
71225
110685
81521
128166
91466
104610
99282
10240
79045
132030
83051
109727
48356
84025
84158
38738
56147
113173
55335
95865
66851
13429
69490
72923
137138
37504
100707
105312
75094
38591
107346
111875
95337
52997
89353
56258
1405
138115
32374
136227
123910
11625
61435
19005
92766
108759
77402
48560
70871
116690
16234
128956
145179
42637
65663
51794
93928
44515
106200
78092
59706
89203
20568
31928
53159
23904
83916
57301
140447
132663
63033
50848
113255
58549
137200
50431
95078
92925
106260
46854
25858
137335
131614
18380
128815
21700
106056
97352
76667
130089
136791
2922
95027
62541
140432
43614
16362
103233
83688
68109
122823
106801
116353
26564
142092
11425
4499
140516
86837
28533
12433
9577
12392
143583
124549
136854
76180
42671
36739
76282
107304
8844
45439
124135
133038
86628
21124
91715
60994
94329
35763
4344
140091
38482
71607
69101
26209
107630
108495
103503
111727
24304
134849
5189
2655
42389
137172
10629
87407
104070
6006
19085
100993
46657
83720
98720
111166
129387
49005
17841
135054
123768
39133
6089
115846
84248
11777
71127
24439
132389
347
123238
109763
114182
91526
86704
40850
8905
96286
77423
72939
64817
80609
113495
22600
70991
54536
64247
67042
93196
40013
52029
63602
105790
40659
48901
129938
5940
25984
134909
130932
98295
52933
31439
67198
85352
144149
37410
125875
113236
62674
8473
85666
27065
127031
128965
134918
73851
4349
81360
91598
96951
28990
35168
130622
76093
112818
125765
126764
111160
41335
6209
138283
86254
104911
76899
72072
22853
42373
134426
40885
51650
134168
92083
39864
9090
125831
1990
145472
124022
61111
78829
85518
73044
112737
145494
105467
33818
44153
66908
37063
21208
88455
75347
11093
139347
8952
98663
129099
15901
110215
133915
98445
46372
109678
130184
27137
116652
56330
82552
35019
133919
119286
89079
63036
74525
16439
44364
137658
26358
50296
46071
65201
49091
79042
70428
89057
20947
114218
140090
55568
18919
121358
26081
87419
26655
75769
59072
18279
42271
83710
64668
108142
8945
60964
140315
76878
7789
141040
6603
59062
36176
39440
88568
112281
99238
88892
78857
14995
37994
50129
50435
49575
85732
818
69189
132528
36503
93467
139459
94643
1294
49187
65145
27047
22388
16606
124766
8108
28821
46251
43279
130052
11455
86635
31639
89
20197
70612
79028
121132
3943
68239
40571
145140
69408
43176
40645
85779
57827
64191
43798
103990
57982
110211
73936
132400
82611
109377
103846
52556
128388
39714
51465
61021
35965
78813
119177
106795
85363
36188
9687
135524
58974
90469
42801
33759
135842
127090
18927
10035
135135
119364
137843
102660
55761
118300
5711
114500
129643
34127
116081
81171
45152
82407
32220
82043
52612
133147
138636
117889
1957
16444
25398
9522
136030
143181
86640
24737
17780
104659
72235
22947
137402
78412
38619
129854
1507
56762
12940
61695
100778
7009
111618
89891
28368
100716
53190
42317
91802
103369
135007
131774
96531
102397
6685
139628
12131
6267
68041
133601
34094
38685
18231
141754
116070
95388
125801
67161
22396
18722
61086
145259
70881
58579
18485
62113
59503
58216
92968
21371
99292
30294
121204
25215
18120
121797
85262
58723
47328
6630
51327
80429
54676
44008
70511
112299
2072
99788
50487
127087
79589
68800
3829
28765
24971
24496
17283
93384
52115
82910
141928
131737
3450
71386
107188
121156
116336
103017
94310
110908
63363
1509
81342
80325
96788
87892
132175
111042
104316
46485
117690
88032
29080
38570
85684
116001
145575
5729
113680
23420
125102
132469
80900
120861
41800
56726
95566
115019
49481
56264
130127
23894
134541
103359
109038
74477
119424
114808
56822
143449
20847
11655
92182
111352
140715
9500
113809
114002
136588
24855
64214
103874
11347
101366
139017
99290
38310
94028
122406
18655
109878
97168
37871
5024
21513
79530
20940
98694
92067
20240
123263
111814
29309
129532
141353
113590
76956
114033
44921
66924
144489
102317
102523
18659
83062
68391
26687
12793
98264
12472
66867
117604
62687
52207
112111
68093
138989
61066
95161
69138
26177
7245
67692
140367
106083
5610
116288
18800
5125
130415
127837
53470
130608
134947
12306
33341
42357
105716
145411
120383
27907
62992
111416
9411
16993
58649
145576
54821
57809
63531
100353
29779
117489
30501
23861
55022
126289
132970
1342
77576
28965
117480
32933
65684
58312
53252
61518
136367
107554
66831
94279
100708
1831
41592
39930
37347
35374
3204
81390
83899
68849
57676
43855
90498
100832
76708
144622
24378
76681
134475
98814
25468
116561
9935
119007
24747
116084
103288
556
16918
53394
134386
82508
134524
73141
44836
55181
112139
27917
71781
133318
70902
117177
9436
126545
22140
46818
74526
28542
134704
9530
90835
52853
106970
89422
97826
15921
62429
5792
95548
45309
54547
109275
90987
14936
33774
78890
31332
88418
90149
128024
73757
74457
61970
67480
77510
102497
133938
3406
114273
96911
67880
122292
80409
69712
94919
26331
25684
142148
108701
66071
57435
93177
63779
131020
99478
121347
66008
117519
9128
22379
128571
95869
105104
32980
23209
24133
6709
40012
115460
144941
80013
15136
5494
15563
144313
96623
111741
15052
84021
8738
55491
70548
42727
82197
99147
45808
64828
95002
75491
125869
65083
24413
23803
99789
107956
21504
95565
143771
106064
99081
39079
60534
63721
65335
105829
142641
120922
130152
92290
78246
9823
86561
24073
46938
71413
119327
88739
10095
142278
143289
99596
109159
21031
14645
50861
105147
37810
29342
31475
73010
102673
93698
75831
68869
111669
48095
43681
40948
40902
12960
70044
108844
101342
78418
113967
127225
7551
105823
141833
45536
69048
129940
123519
60316
116197
54866
66825
91561
40467
88164
100805
25220
131695
75174
117213
121289
71609
53649
21699
65488
70530
42883
5052
57764
278
94620
137863
48168
69568
61684
51115
12720
113067
81103
81821
133258
1708
108544
50936
5298
111251
49933
117939
136557
103272
70706
96258
116369
75995
3810
49813
40374
13272
130009
6329
28906
69090
90828
50212
81730
38043
66593
76082
42244
109362
129959
114398
131643
32965
31869
139647
5616
105144
129591
69988
84788
135752
89387
77090
104760
94141
132185
72328
8098
55823
25840
109666
111550
119462
103562
41761
84754
33410
121929
608
23635
132311
105931
132603
98736
131320
133277
63305
28119
87068
102016
95074
98966
54677
98601
19844
13968
40144
104089
48954
35264
7060
112303
12134
3120
115831
72624
83897
35683
75608
26212
71474
39826
121735
20998
123822
56669
107156
89978
85427
59812
132888
33142
16827
27241
46658
106619
142027
122290
104319
92486
101414
68703
124157
90765
66069
63098
118533
35615
134712
35829
45964
44625
115515
125588
88081
69449
86896
10060
77468
107280
66226
83924
72726
16120
3884
95081
111103
80053
109721
22021
94668
45394
20507
26012
25705
65085
134863
54847
122838
36533
140563
39225
58980
116899
37374
35318
87781
116264
1767
97218
53367
95661
98556
59079
70
102461
130348
104512
104444
118816
140857
27798
22191
22177
115557
1591
119881
16095
7738
113088
110394
123474
91128
118519
74972
95208
42081
100150
123340
68521
31484
104642
40240
139043
123975
47079
74695
61294
104845
136128
85210
136861
110318
82882
33880
18953
139100
57979
114677
119492
38999
123090
87921
39425
42690
75662
98069
98085
89572
74740
19300
47506
134715
98623
2721
82757
117559
116549
12559
131089
52326
134919
44414
37390
144674
10169
60985
10512
57959
98048
4435
85224
78730
36206
106842
11003
141930
1308
1594
95223
39035
43050
132731
66168
70992
126047
136559
61226
100894
19839
50148
68712
142856
119454
82141
14006
9988
53567
107782
94991
46464
133806
120483
14582
85497
44523
103188
131636
88652
42241
42445
126237
65859
142689
120431
26019
49843
77137
135584
36215
5479
141725
119461
115356
13323
61412
88723
4310
103813
837
4453
131191
129895
12008
12341
56780
32772
118999
46445
68854
95286
88024
9111
52911
87974
24573
109174
47531
112325
47094
11858
51512
70211
43638
59896
35835
17363
130929
50136
21103
6147
110509
108890
142636
124088
67731
110889
109177
58898
51027
58765
73182
91028
140999
93296
102948
79559
24064
112782
32758
92866
2608
74095
80924
42344
36695
133215
61235
76813
100280
88414
50830
116617
41023
100983
106256
126214
74632
9464
144910
17026
76607
104098
128732
56449
79293
63181
75480
129352
79279
22422
24245
56935
58540
31619
42869
142976
122959
8950
1328
29666
14629
123014
126451
137853
71187
51921
102981
4935
143332
5434
35015
134927
50395
138709
129901
10101
62893
120964
141100
95134
77861
12491
82905
66836
2451
36940
128377
107457
107114
140111
33038
60643
59749
142376
47031
132109
19470
65530
79477
57603
18321
44400
75072
112881
105055
53552
80957
13826
45559
121835
35452
91768
8456
69039
125376
93117
73637
47562
27841
132987
120946
10297
138819
103679
32674
21909
126981
102436
130577
69965
34025
10071
134068
55877
93224
133067
38568
99660
24780
192
109748
31884
117851
84519
44876
29902
8637
108683
127512
34238
15889
18690
133253
84208
11948
124516
141054
83930
14603
98641
113537
127223
70366
