13321
71898
37839
94403
30016
28949
118475
118304
6723
24857
107854
144871
16527
36261
69096
102120
60087
141754
75602
122625
6883
35072
90993
12719
108905
104448
68234
116062
41724
118017
110067
30018
120814
19502
17715
123185
122333
40357
73774
59676
59178
101907
50829
8991
72792
19091
110929
77269
13306
16890
49167
118286
48116
104778
1393
35150
114750
49854
77567
81053
31048
37472
11467
71003
97844
95660
97728
76388
22658
93890
53043
43233
37781
24429
126626
143331
69804
67586
1157
54138
100583
37910
50566
5869
35905
43973
726
68458
22195
126284
65164
97187
138022
55479
19481
77887
47713
81646
89821
47850
21771
60701
78581
120518
48643
26649
20927
121451
91315
17594
70741
82797
99331
7485
109689
100859
9954
87471
13943
44779
85708
95062
96506
110181
130834
9088
105693
125010
81062
119115
98315
41518
114068
53208
99703
135006
72986
111302
37437
7498
121205
108701
17459
137746
136852
130579
103208
105904
55443
119703
13722
45835
138060
30242
54743
104443
129329
16973
75517
10135
108270
3853
100531
5641
63166
83134
33851
57734
141947
32002
120042
121120
135981
14514
26747
87468
128559
16030
84712
30629
71638
654
57093
35529
72711
101361
91538
76462
33561
64113
137994
131724
4199
18503
35363
6413
59501
81520
69329
23203
23528
104214
17861
87772
91670
64520
102048
12723
51944
57632
88189
128172
96760
83106
121124
64016
29428
66069
116055
51003
131217
90543
64427
120559
50805
126829
136362
54470
80323
86280
39717
103032
15914
36736
31212
93745
37098
129747
42763
72240
19702
84926
58605
88219
60468
871
63807
140341
112165
132358
95221
78161
59403
102816
54803
1826
110158
90147
80811
144720
121815
79753
53223
89665
130824
82204
52632
133807
79714
31693
9709
115793
59256
143366
34279
106196
26662
145313
24688
38971
52547
99589
134831
92862
109997
110902
127460
121184
87138
100391
86263
111790
131446
81357
623
131047
24123
36804
71983
42203
120292
32599
54429
40426
52375
5600
58643
85845
101732
94870
79713
31762
88761
106550
119139
136549
124617
24624
90571
52081
53195
74281
115388
62914
139956
105490
32596
30787
66742
16631
39998
84002
52357
105360
138357
27186
68953
53568
81441
102012
82938
1709
99080
64651
137089
78290
15994
59154
89313
108720
64629
22302
104069
43683
84721
139578
45554
63086
46302
51942
83377
139842
320
38663
58394
111545
85000
79256
102355
26633
26383
42517
66192
132585
68906
134030
24130
15110
91317
58332
67539
26735
39567
82472
131672
65385
106301
20750
136970
45455
32869
66780
131188
65181
101654
135760
93792
28335
122447
119029
126756
139265
19624
140075
38693
131846
76476
79901
125803
69148
71063
106754
85009
5105
127912
77115
140583
102554
66099
72556
136230
87136
124469
74313
118951
137763
104679
111191
42683
3046
84144
124552
133491
130110
99462
53903
43246
77190
134667
23387
100298
96421
95656
108605
19830
75492
124362
132307
64394
40496
88433
28900
96681
62128
76900
116183
97329
40936
126933
96363
99869
140984
44133
33576
14989
60315
30533
29910
16196
80861
116455
51293
79990
38445
22935
15940
106094
74114
27031
30425
494
18379
90308
23889
34249
108001
63827
34345
15100
52853
117253
28721
87066
74648
9103
138246
137602
102328
137770
50122
60620
95659
65469
104685
88019
48047
28247
59563
103980
118016
18642
90980
69539
114588
4742
142409
139104
145207
125021
28174
93404
90711
48534
48642
84500
88185
141789
130638
116873
145296
56637
100746
70296
69917
91792
11295
18212
21658
27037
26040
105717
70837
32998
87185
19723
136614
116341
127905
119670
50079
133377
61262
86062
97804
12538
51381
128210
60405
38135
311
53502
23343
96123
19676
85456
126726
23695
35413
79194
88722
40354
134794
75784
55955
49286
17183
125528
141889
16652
75108
28599
88510
89
18425
103272
86044
10358
106702
22067
89330
133769
9653
58388
107775
102907
56339
104553
30091
14296
105951
74929
37026
36141
91241
113284
89926
140304
119967
140676
38216
26347
96410
114004
13417
13045
67550
143116
42774
98013
120281
76956
46046
12687
134598
87271
12153
3677
76016
47734
119103
104003
30079
10807
138785
102648
42513
103278
134883
8953
140170
112515
47649
64859
121440
64503
54529
103355
85765
95548
78798
143767
75723
42039
137591
31091
13746
76065
96973
14149
5886
34159
18208
121439
63685
48344
62939
109010
73886
120806
52487
19146
44394
69179
138853
19240
122074
15837
112688
342
79165
46713
132411
15654
19637
42862
81938
120397
8748
20456
62137
37500
102756
121023
92576
121083
50239
133065
129968
80851
113110
76349
45873
11822
45856
7810
70785
8452
85333
27345
141250
11963
5923
73598
107111
120932
66325
129048
113668
38296
62699
82561
27329
14213
49833
73333
86020
55088
120130
17833
66947
64277
121845
23633
80329
57661
120069
48298
17439
102263
40141
30241
73997
46430
16172
122476
142582
25593
139870
101157
29363
91093
10563
7706
75879
39254
63676
141044
42398
45134
61460
121492
40032
17448
80215
126329
83461
27288
120630
34571
143599
50135
80018
95687
16638
99011
55846
18543
7895
102941
115855
45564
724
83486
102379
37160
64417
54173
138017
823
136359
26680
39889
115397
49184
56556
8458
125022
8821
46839
108182
60596
19661
51841
60846
125492
113640
55793
142977
27418
45094
125653
118107
143373
64258
104211
49467
106479
83331
52221
89033
39518
35211
63796
55524
68961
106706
2779
12945
88143
81575
99139
69379
136093
79298
112138
13915
36537
22949
91177
144777
134283
83393
137625
137214
115545
83582
48794
74727
42291
37982
101146
85935
82071
19177
79079
43717
79275
65418
135524
79445
121077
130077
516
136929
57526
106115
37501
48763
120791
126420
62573
141286
136620
33814
109811
31034
81279
53739
38265
60812
98715
45484
93275
20070
65854
128600
135421
62525
63771
93832
57864
31664
62019
28361
119421
73207
129320
142525
74003
67549
10801
127612
118580
32721
75702
53069
1107
95013
132295
2599
75360
119930
83941
114091
10921
30047
17554
114839
126490
128995
101077
116484
75400
46787
140593
25374
11223
2703
95574
67591
133128
123913
112020
133496
15477
2141
35049
120840
47145
13521
100843
60282
69331
109460
80158
127113
93513
121084
12372
145142
82436
16560
115087
42557
60508
89883
51627
43910
8432
51043
25760
119192
107423
133708
62629
44268
49526
8210
100198
10631
75629
32812
114193
3547
75007
76855
117539
15525
2326
79244
15428
125362
143454
36881
23963
96710
6201
52944
28838
68548
62587
123174
78211
108748
6719
123408
10674
117559
85884
60458
77137
5816
63405
47028
50594
139513
23765
122470
79078
47445
13535
88763
62310
94336
32035
42632
132005
56021
144884
1549
116634
134247
99023
51600
110763
58161
140189
73684
124179
75368
63683
10605
121687
53812
77425
18416
87244
16060
75250
9114
74896
58589
52222
102954
364
129938
74273
50764
36838
26632
32767
101410
74497
27820
122134
42419
19101
97588
123511
44962
74729
107872
129040
125900
81847
22791
17314
55084
72793
67040
88520
94515
96541
29974
77774
130907
110617
119543
90587
49878
70931
120998
125282
57730
14017
101237
138952
33245
50909
29487
58635
78303
88551
12004
60141
125943
44103
12201
62496
64596
94886
64571
64196
16617
141340
57152
89316
37408
7285
30472
68992
123941
58997
12052
30871
32366
110766
100309
143867
41414
62077
53243
120165
595
144749
50722
715
43397
99085
85816
63620
58040
50187
85465
60876
50387
1626
40395
102635
17665
57499
3155
51821
18155
109871
35456
4772
6873
48649
50406
109107
72356
15146
26503
65512
139853
5636
134868
123891
127801
89504
121395
54986
118903
45123
109333
9873
28321
63385
99551
113362
116324
32504
12727
64014
39152
126660
36500
136403
108184
5997
67108
61387
71112
61457
9058
27727
106114
80259
110897
115138
75181
139506
110824
144544
48265
60836
110239
89874
117692
47807
132711
77105
115915
116924
15225
12625
143904
10367
142441
117690
127758
34056
135357
73696
116727
93143
138128
68293
109305
106457
6702
15066
68707
116880
116142
118441
89900
4334
50629
15495
127158
45768
93494
86604
16835
7802
125358
48294
13882
142976
109814
51530
94532
115418
98144
137449
69534
128990
145359
63172
66822
12848
115425
19870
54588
83479
14880
902
69563
143745
40920
48975
82520
140991
127668
95263
137249
105938
142744
20842
106086
132306
122455
103481
11381
42473
126990
123689
71938
40693
82598
83944
60787
144471
31967
98010
82035
12968
72496
117497
96811
27873
60584
46422
32201
48009
134964
88257
101249
109999
73216
118405
53751
12276
93271
78447
48901
52675
13927
67298
41394
90497
116660
48090
76858
62667
66224
121331
70074
31848
91753
56429
100387
139619
68900
11031
134108
31972
55203
60276
36594
30841
116546
70004
106700
37272
6406
11268
96067
15939
118647
131225
125571
2629
137328
65606
22016
143882
35061
127960
57800
91339
788
49899
49188
70722
118465
86896
112605
52985
82748
140233
47914
71388
68331
75853
114880
112460
83824
73883
65778
108160
23772
104817
32586
7505
57209
1467
31302
56714
117124
72390
89097
46950
88444
126176
126236
118208
58859
25639
96210
49169
123372
83754
128729
52126
13111
43353
37409
115827
94600
114280
58639
33465
87728
49466
67251
93153
103259
22339
55615
137027
17725
92420
117975
67537
1674
5798
84682
57082
127217
110043
115777
65815
87714
77439
26213
29167
64433
117352
87964
71548
50412
140678
135770
84539
94025
107959
133247
65884
129217
55813
119601
19332
34556
3128
4996
117659
67914
133610
14449
124219
61703
46275
117291
105713
136916
94349
24490
124544
2700
57439
120451
134344
87408
21262
82990
138397
132483
19814
48330
33080
139519
59631
1431
38245
127733
28077
113223
43247
132463
100960
63314
12556
101837
753
111945
138570
115917
81233
71545
102180
77174
104264
99539
44638
62918
17633
46659
92291
49154
76193
104084
83011
52266
131135
100709
59731
81458
77170
25699
49951
22079
1171
67850
88417
71143
861
139153
141644
26280
105127
116670
5668
8922
31392
105704
76061
54886
85577
106414
42277
42956
17491
101953
125031
134923
32132
54053
65150
57347
8198
88163
72595
70738
42690
68519
125003
72436
58174
48131
56082
81821
69473
113957
49548
11103
60725
142897
32726
28888
72917
69353
99544
98981
87948
95701
128764
16271
95578
39542
103242
13279
8523
80136
6506
66629
87459
106989
39523
109403
37245
94184
97543
59019
102911
2613
120455
12680
94811
74226
105408
91785
10299
25327
69112
49336
13303
116707
93814
25856
112681
75477
76979
116213
77010
26110
107565
59179
107451
64231
35414
54424
24552
125493
24167
68967
67847
53320
103701
11346
6479
57717
90096
141180
120874
115853
135163
35288
127681
85903
142827
102287
101154
6457
59373
127510
63127
84349
90362
102820
131850
143511
113720
82209
64803
124656
116186
127348
65581
136081
28937
83299
99680
131099
107913
134240
122265
124944
36405
139536
14257
88784
25443
118234
73043
139979
72031
62475
118339
135837
140919
93725
27666
8374
144581
18309
33092
101621
131138
44797
31879
38540
29327
113664
32976
103834
53445
97084
41906
96094
52658
57049
127156
91700
90044
40846
108189
1387
110882
100417
100623
69130
60834
1399
67112
64116
14714
89054
11401
121039
83438
57698
131824
70347
45153
16476
117765
10681
14408
70563
84179
2102
115985
119872
115797
115818
76994
13641
14830
5986
116305
122624
44504
9956
39136
47963
98374
2701
32337
144119
51221
120430
115485
101992
125973
69154
27527
48680
20106
102334
145569
99105
114695
39932
67052
19674
104263
63581
45363
29749
97769
17626
115817
132029
42142
37726
100693
121580
83856
86145
543
121151
120076
71512
75867
94354
32857
137732
89967
3870
62858
105234
132844
82830
75912
96120
116456
35991
37618
115862
31480
68715
101080
64360
78624
41256
43952
102817
33443
139829
18949
90795
52182
109766
34437
26569
26385
75392
109442
138924
96278
101134
9905
69174
143014
92009
3197
100748
8235
6338
72425
88208
63498
65975
78823
107287
127689
25403
63488
63675
25186
87081
6069
20386
133793
18279
30540
38187
127782
3194
81753
103902
134894
13690
45299
22164
59016
145335
82618
115561
27857
18216
19070
69251
90109
97483
5164
116001
43770
133315
71639
4445
67373
10855
36280
114229
68625
75783
50688
28995
34841
62159
58624
41104
110641
83366
134785
18836
86466
89047
98358
57241
121643
118159
143482
95965
122728
143343
34646
338
76933
55546
21361
28863
51389
18684
98165
134345
76140
78379
134985
126167
118919
86339
28274
89794
15954
57227
99824
36643
53821
117047
61519
95175
126569
106136
75709
57264
85502
70792
52350
138917
64677
133035
68260
101772
35492
37049
45415
71994
12697
67642
100561
142603
73267
10496
15078
57357
122660
42887
135430
136240
131837
33646
106982
28084
94490
15433
39015
135925
91806
26841
22205
145465
68407
96366
49666
101935
89257
10074
113458
127060
43567
65925
33185
142705
65166
80659
59288
132600
67536
76017
98592
140635
131457
27428
73196
95678
94874
129854
40179
33842
6092
44177
115565
1970
102036
18735
120465
90786
113342
41359
69766
116851
112587
38750
123963
84731
21666
73002
127393
80777
56844
35970
77665
73936
80989
78835
58032
106089
117621
28090
75135
122251
134782
81573
92183
25969
144975
93773
70345
130079
40872
50815
86379
100888
123208
64973
4058
145081
103686
100608
42673
29214
3492
87346
142987
31436
77469
122473
106834
90720
33509
14494
114865
18099
59807
10664
113905
74278
5154
35484
139021
34655
89903
115897
128116
123552
44781
89853
117381
22725
144333
121540
100985
138652
77297
140104
84871
128159
136114
20215
60501
130782
135384
47450
87080
81818
49000
38075
69958
64515
7762
95240
82001
85075
92804
62351
10282
143033
74331
16070
53654
130275
41397
89561
62743
102398
58202
86473
123167
97817
67930
94176
122688
81081
136661
80525
61036
122213
63741
127711
34878
144780
75963
104964
126957
45059
54080
60421
59434
29649
515
91009
134104
100801
119326
107285
142393
82468
91340
2654
72944
4577
132568
2710
95682
143978
66285
30725
139489
143196
107394
105888
20113
107107
15614
115928
51637
62427
117157
46594
33389
71550
33604
97765
57937
25694
28833
93738
72313
33442
145540
89284
27551
61422
124834
80968
69764
34185
73011
110
121318
116344
135655
136507
15229
109541
53805
94324
91751
39068
35403
23713
43331
62966
50946
57294
19877
142959
20294
12992
15777
128290
106686
122779
135579
56853
27910
134566
112893
123873
134602
45834
116227
58286
79621
134951
74704
71905
113454
107970
116257
1025
44691
15825
133863
94833
114398
64564
21079
24811
92275
134494
53106
131692
96190
11988
68291
117603
115688
3373
17432
15005
89120
54713
29967
12286
139785
20435
114498
24680
59157
42792
77458
48864
83710
105934
21533
134490
69427
60341
63978
13389
128973
105399
124599
41316
140301
113207
124594
43283
119625
73620
45046
122339
75231
61766
42101
90613
85037
32965
62803
56517
95456
92614
124046
114059
26851
42935
18770
18382
112676
49340
69665
36102
77986
134408
6276
102994
130858
106268
67977
46212
50668
60267
42422
13231
10501
108904
112815
55928
129707
109098
124903
131770
77457
815
50891
120167
11809
104972
37738
30402
8354
89218
137914
31524
76054
39313
121991
138008
46672
126504
79432
73589
128648
66226
131671
60960
28803
45285
99046
12816
80300
133923
50384
37490
131389
75059
88071
23185
11029
64039
906
111936
64916
74911
128530
55090
53639
99488
111624
84720
82876
102564
73823
129390
72121
5596
46101
50336
50754
93451
37863
40427
62333
47214
92162
15616
112181
48345
53216
45111
71276
119082
31475
72172
94028
79006
1600
48739
115400
14668
49726
63609
107671
64084
56413
40608
72611
5054
46527
42052
144914
2571
51172
6060
15922
132303
31625
93355
5930
38047
88628
95668
86490
74596
78185
24245
55134
140111
112577
71181
41894
28495
92998
34672
10643
12020
141290
65808
52178
129981
137016
137196
45268
69608
93081
55397
123378
71127
130109
18295
1016
119094
21092
47598
136270
116483
51039
30030
5565
101889
91027
102928
1732
50359
127763
30761
141471
130753
12788
30517
45859
18579
53833
37212
141608
124288
93858
31230
103364
19807
79982
141318
97897
71668
903
18927
11545
137777
127220
98247
30461
85385
58436
132484
85405
87133
136239
68764
103225
88679
30163
115779
38498
92106
51037
50019
6526
118850
3541
93867
61365
43986
3688
109929
47933
90306
65205
114862
20333
76296
57167
142648
35068
10583
76047
127106
23551
54642
55014
89232
57885
68031
2315
82124
127985
41452
88797
53793
85143
15073
1287
25513
62340
137792
103181
93845
31554
78380
139684
105236
71926
39355
141066
15193
102819
109064
18430
89550
112447
39258
58463
86011
83739
9819
105796
21478
134159
36847
36970
21831
108161
73639
49685
85473
104774
24385
9808
51240
62501
66383
128643
18845
11115
84562
1260
108793
62387
51704
70913
140834
68180
145460
26331
77951
127621
136069
33548
3843
20440
77435
20459
99479
117859
931
68893
4940
71533
16817
78858
21353
123966
28819
7440
102439
130528
135237
23799
69693
144184
76045
53400
30844
56250
54033
105957
66556
60044
67664
13458
9370
54077
71515
57393
121010
73770
70589
2504
91677
81545
113801
144006
34135
13240
55392
67080
30878
134758
50189
14286
145422
87657
76209
130315
144546
47780
97492
145412
10516
57017
108030
65484
21674
42421
60345
137573
82720
98208
117178
27338
14699
121718
23201
111566
9137
121832
113103
136298
95477
111138
89449
107612
91934
3358
41619
117372
101167
5751
102993
76774
133074
88028
89251
104693
87171
19007
131657
134736
106464
28597
6356
58847
141566
50269
83957
68442
72094
113251
34211
139158
39057
71674
6491
68018
24236
99418
115080
78810
98118
22760
12778
35263
127503
142952
101674
46882
91920
68308
10712
17502
36585
138912
104048
52100
72949
63829
56384
19100
12693
8051
45951
45929
109794
92724
127174
60331
134266
96184
19280
2410
10888
76387
120097
53890
86598
97394
143051
105939
27126
64494
42731
142817
103348
109967
87689
133716
36317
145315
20281
43173
88076
97747
136843
103723
112223
115727
122661
82838
8423
8454
93906
61317
106465
139735
58674
78658
133943
40911
8538
117277
11820
113685
110103
87527
59535
62395
55753
36836
5028
8219
39512
91496
31645
39465
79989
38415
136459
137195
55980
77680
51165
90205
7755
93811
40694
63686
81603
30805
58500
34098
7050
7914
107991
20749
56613
108539
107238
27605
120568
51256
85263
138960
64490
122641
5928
112485
87007
145213
139194
590
51678
15536
20045
133392
22458
4720
50742
115230
130022
20999
80210
96968
5597
125509
40833
130598
60019
122703
129773
103886
94393
59132
67070
111882
12726
30684
99646
21916
124121
93133
25060
95476
56529
93634
72956
2390
116271
44915
94935
2100
115165
27221
20198
79163
28134
48264
51497
43498
7399
90891
35807
81898
12103
53577
128659
2123
143567
122055
107681
40197
2903
40961
38012
46873
3716
143032
113384
38315
115795
1056
39450
29936
74496
65915
126440
21416
53214
135194
135092
96479
40903
73621
100444
129090
2610
97910
61089
2039
69398
121863
140360
131592
50007
78702
57013
30203
18211
91275
144504
103493
114894
55569
143130
1345
31304
18782
50483
119250
25038
141190
68897
33930
25620
124917
107495
108723
43030
2153
78779
67769
87130
15379
88251
38472
79640
125542
51812
5998
139491
56292
100219
118774
91712
128100
54795
98206
137609
84824
123797
42235
30606
138286
64539
31073
90029
128046
108971
64182
54828
35289
125534
144893
32911
134581
107581
17679
123556
144770
59453
34567
11030
43517
130216
64928
13009
82118
25432
108643
84388
124188
128099
108154
87654
15089
141311
81335
96774
7324
63690
112319
4801
119996
95843
64760
44808
130875
106260
39262
70441
109428
122452
24348
17802
62715
69812
91430
119364
105573
54072
20875
69580
73540
68971
34412
121356
133780
102851
17915
28096
68404
20601
84645
62680
93004
13317
93298
70246
59275
132241
107384
74411
130530
117725
53213
38435
111567
98194
8286
32996
64727
110862
137332
26015
112126
9656
117292
36490
33711
144466
72940
39758
128911
12571
94980
73860
63454
61550
41417
67655
7190
35598
112162
78084
78717
41514
93078
139847
95260
26957
143830
102206
21679
75022
100091
124767
7359
124428
97676
19137
8411
95465
109408
104451
63731
44033
36791
130080
55617
31874
28730
60463
54211
111437
132788
133905
82781
33574
127907
50031
96100
72196
52225
68332
22587
93690
33448
100394
101850
79975
99172
81608
524
82160
89384
94197
86680
96648
77849
145392
16670
36724
133809
34314
63998
81532
30279
60912
22718
6589
43448
12861
30579
2154
118675
64609
95996
64512
31812
78296
15020
8827
31706
36341
12671
135193
84697
56587
39282
3084
61249
48636
52209
41435
113771
9799
113414
85572
52713
43730
63974
92186
108023
103016
10179
77955
52274
14202
133973
123144
18895
82704
143693
21308
64710
1033
86754
10743
62097
66558
124353
63926
131404
15727
10941
11182
99076
53229
74363
105143
71647
68581
74288
123948
43719
8896
11778
10205
32313
57291
63183
94672
72853
84845
74492
40126
82413
104257
64259
78426
23190
79017
135753
713
78754
43684
101969
113392
16671
5103
6433
19872
90686
12476
11996
73477
109317
106925
8843
110915
124503
81401
93774
66052
88276
83823
131848
92177
114537
22198
55564
50377
61269
104745
134045
96126
109046
13940
65897
25301
39975
61763
22083
14097
127812
24259
70844
88093
99452
142480
141367
27532
122647
91436
77552
26497
95173
95015
135961
102965
134978
103313
36127
25932
80816
8510
1711
110818
136408
119494
71401
121095
12010
98
78809
53133
48517
489
6205
137040
15358
104677
116249
7424
42057
142783
78415
139449
143239
42022
87458
137179
69689
124297
11881
128970
108157
59755
142226
50931
35008
22226
105285
136402
82288
117209
24510
50825
6052
70863
109810
26709
29490
62308
111051
38571
92157
99569
142306
94511
45876
80638
47415
89043
7442
93459
130090
22685
91993
74548
23175
91739
72032
41709
101658
140592
95939
11171
143987
121046
80907
39196
29797
73079
11055
13897
52593
139957
12148
69350
923
130034
83558
105153
87169
102134
68392
91479
107945
31832
4945
94359
139244
30859
78251
46575
45866
32215
13603
152
135466
143332
37611
93368
3504
132296
36636
135928
96739
22330
140705
17120
19970
79189
124410
12794
34295
14907
69437
83101
19125
136132
18551
28195
10533
131961
18317
106183
68740
7890
8745
34840
51742
54584
12379
99443
61156
143542
128230
92851
128265
120072
101240
68463
127253
29189
14470
74450
4541
120544
120280
104626
111028
62426
119028
136173
27508
138195
11227
26419
101557
112299
114496
105315
73403
74282
73681
78912
66114
47915
75502
62376
14426
19623
40492
95378
141521
140925
90000
11134
42272
64485
31467
56252
122525
96734
122940
3488
127377
2284
20683
92785
4503
112959
134175
101822
113655
29766
1519
93831
43818
137272
76266
9906
41424
86286
53178
76471
57237
102769
138931
93364
122683
125461
10828
85542
52911
11663
126955
121544
117907
96409
47536
37673
59267
108501
5491
57630
83602
90443
34281
120783
43829
106593
2689
42907
71665
145155
106446
11062
49722
136216
9150
112761
4029
42359
115242
29695
22032
17888
18604
40384
16046
27995
134572
4947
72368
122384
68970
126246
129291
18122
25648
14760
35014
63805
55122
72505
128114
86571
86106
91055
118453
83731
64754
87835
77847
95116
40263
75274
115506
42150
113044
94071
35522
81995
68718
89604
26494
66366
45504
80607
83555
13161
77734
136262
13259
4893
140588
11389
1269
32683
29264
64547
137311
30258
130467
128569
83240
100696
109105
98517
113070
98670
18529
36048
77658
94925
6440
104036
64050
95718
142714
54973
82134
112044
87611
12017
94922
62024
88986
339
73692
94399
70140
105952
59634
86125
119629
70860
85130
91258
110343
44630
21202
73810
42222
108641
54426
108825
129759
49688
30981
86248
109790
127447
73919
2496
18022
46813
141976
98089
134148
23361
37342
15951
122219
135921
13876
11654
44254
67903
42836
112972
32874
112718
120675
126204
132325
80758
132715
130765
48740
89652
3971
70656
139460
94029
134303
118372
115297
43480
41711
132459
40022
50877
21448
10076
125159
38066
125289
27956
38902
98156
95005
50355
111477
48952
33394
65089
51884
113530
17722
59720
33338
90888
139425
38401
40358
115348
111660
59860
35178
17405
123232
129398
138534
31293
117608
75535
68950
36654
24477
69439
53733
87393
68912
134670
34021
14259
131741
60105
126943
111489
60963
63596
104734
90975
1447
23579
40265
127927
19228
130280
72656
86914
83427
81780
11471
1670
109494
31067
132981
53914
131262
96827
2006
36864
59692
126306
49185
18521
67011
61497
39866
47101
4980
51636
25899
26712
23239
45063
84769
23979
124220
28336
138326
95564
113416
27890
26027
104120
131634
55881
74979
105206
106678
45069
48153
73676
55079
74908
28957
80945
45327
98711
78151
7594
27958
121119
7299
127772
54662
123634
141136
70084
32438
140364
141207
47102
107049
59321
62359
60470
37122
65993
93233
80976
111061
109391
14968
21123
118112
22160
71590
14385
11018
141161
81865
144767
21468
54594
31922
73374
6341
111663
113098
83858
115264
48955
15897
123295
121033
6967
60587
106555
29570
117150
36642
34028
53869
51260
31148
62107
32245
75905
52874
67326
47120
104869
137239
49095
33280
105489
118123
28578
77291
31546
105141
77702
129796
49821
33264
76953
117499
30507
89729
35295
38874
86486
23733
15869
94426
87829
43960
143134
38573
141452
117177
119980
72395
40215
137137
43352
41209
73799
77479
64284
108291
127908
12115
126767
90838
99048
14686
101997
37145
110003
106964
31548
114791
63080
111495
111560
144681
140284
97836
15332
81187
123878
30317
72999
70658
27352
113789
68521
144959
93658
138665
1198
105439
131906
6289
39529
126646
32966
139311
97828
10236
81114
31868
30398
132806
103165
11898
118805
41418
137322
50830
52508
143048
103587
16150
138604
62170
74780
91757
27471
745
131668
32084
118859
47368
31833
138879
41497
35610
88031
121115
106
90170
33642
32340
74952
65478
143214
117734
103766
103979
108206
86098
40755
73858
130175
44385
131289
98104
113592
95490
45115
39997
29970
64762
93681
72581
49049
130804
123980
64157
17811
1072
1381
9978
39334
125536
74892
56184
29366
106427
80084
22970
64887
62093
1872
40472
37685
95899
8507
59588
70921
80016
29781
91524
117457
127219
73229
122084
95014
66585
104499
93915
35874
102976
75574
61499
110582
75689
64382
33947
48847
75678
71218
132913
143725
37629
106050
15413
1865
47560
9562
6124
52606
56232
69698
29805
35139
89647
15486
106141
40410
80049
49572
49172
121434
90336
52453
35045
43470
108881
64867
124155
103584
78568
65779
7932
45528
16462
141194
1703
49279
56563
21862
47024
86359
83406
25658
40826
65437
68730
108190
96234
126014
18733
68890
24520
91061
75080
104072
137316
96133
102849
88097
80893
95856
97761
97452
74422
123916
52361
143596
144582
18074
59258
118763
134450
92707
113837
113422
109374
87755
109866
25015
77073
122171
37487
54476
21682
25150
95960
78277
140768
96545
117778
86562
12337
41413
133784
89124
64062
83130
133449
86138
69196
129744
130758
117566
39137
85019
118394
14140
42077
28249
38254
100344
110105
100052
20259
116812
94215
103432
51684
107356
49836
43379
95607
28769
113026
134585
6557
18711
101737
143800
44966
73294
12304
31714
139509
145
145134
33766
35251
8272
127685
108343
114231
98701
135888
100271
88356
105266
91603
3421
42144
74826
3806
9155
121617
110695
120060
62388
32169
110364
33437
111014
21046
8370
130945
112889
21481
142045
62274
24962
98602
70211
4867
123435
45537
116885
110536
26359
59358
141660
79340
20010
70554
42993
79365
9588
42162
106021
140438
109731
53399
143244
36404
18458
27830
98031
83576
118797
126261
2514
119092
7067
50181
123817
132233
84238
8072
46924
82346
73062
26773
39387
88214
145034
96158
45405
74762
123580
68862
46723
96029
109388
27420
133339
3013
140875
90197
24344
21006
87565
116465
100979
122364
70936
109621
30657
131102
91363
91242
76919
97201
117360
5742
25672
134382
11025
19073
123367
114578
92410
56960
47301
108703
48777
145446
8456
59897
21429
116122
100754
114265
120907
141831
77954
38890
104980
138704
104192
134917
128514
51129
70465
138176
81057
113261
18159
72862
37304
59192
26378
20779
118642
72211
44981
76591
75272
123459
86910
9020
112307
50431
35769
22143
118424
33109
128731
130026
140562
83970
39589
138790
141280
56598
80053
29187
73974
25216
116852
99033
26149
79192
90762
49235
61596
63322
95705
54202
86528
14974
112484
144087
143307
123141
20723
85411
40293
136280
28287
128405
121535
10509
42528
139310
130442
19235
61653
1477
25388
137408
124096
125782
123591
125711
14955
37622
49376
47172
53026
6291
3376
59547
2545
53524
134684
77814
116135
144366
81000
15132
13696
31825
52114
45410
139080
106186
17358
32739
104610
59246
115579
46687
68467
71869
28642
39944
37559
80442
78594
50798
554
53721
92417
31012
78333
15953
143907
30731
66163
3472
108032
98942
105974
59892
125131
135255
20773
16155
95503
56685
18234
52639
69404
140854
25166
71418
40990
96658
141317
24982
399
45716
9364
54888
121682
69136
16951
142844
98525
5721
87761
14950
17199
17460
69659
1331
98647
16987
127718
4358
112022
21917
144202
35020
1192
124941
39040
35308
12097
122610
81155
81858
25016
41264
96682
81644
76840
31357
25595
1610
38711
143210
100708
104792
143910
50939
61325
48075
50890
132923
90089
39386
37855
34792
1916
105271
144577
78989
44528
35470
53129
140760
139833
120651
6353
132855
72403
100063
68169
127607
52841
49870
131511
86184
102245
12930
91320
139559
122723
48964
124911
26821
85819
41540
46007
127573
29106
64349
17589
46242
71941
5022
134374
72807
141054
6806
87
117104
25067
131054
145249
49411
127534
100251
33627
56676
97148
16399
80796
86772
5741
145395
113633
43895
45960
20520
74843
199
115555
77288
73072
86998
47950
15476
44201
54340
125076
118806
104400
64534
102741
126226
137592
13568
53605
33498
7132
144979
7617
15347
111442
78085
106251
89171
115017
122185
140033
108822
93776
108120
18001
103649
37102
117577
94664
28388
111870
982
119190
75125
125740
38306
129155
94361
124192
73884
70634
49400
133667
80312
70014
57406
90702
136912
128161
20731
103744
141138
100107
29945
132395
123994
72233
78454
103789
131885
94250
114487
64969
88646
7712
37355
131387
67659
22517
46480
98652
77497
27495
119612
61395
70250
88003
58563
58606
17914
141930
90008
3052
82770
33691
95428
31940
28558
24196
81269
94268
62807
43072
9090
57959
66837
120578
21162
81946
56360
38384
62300
32692
129839
90174
7135
81442
68277
13824
8028
23142
39409
76058
68380
122857
89893
100124
9776
60845
121128
61329
84599
32181
17755
137938
7168
10534
123915
132996
93909
49197
119304
119122
109062
96337
92254
139859
644
36212
102549
45401
40136
118839
33828
119399
34974
32819
24158
123073
36686
114202
141553
46165
51683
38530
142376
91070
35611
107786
72477
75534
40436
7540
8589
47939
103661
90083
38403
124711
91255
63586
140626
31099
15201
32638
41739
123820
73869
118866
98379
81121
35971
26724
118576
116862
120761
5334
1166
62461
62953
17951
66935
89889
56344
81773
113704
59160
129225
59207
34717
89951
16182
77764
42880
120352
92454
99072
15134
12935
141991
97587
130787
57437
70406
39905
94189
89283
141849
89694
61678
13630
3742
110429
67479
51269
76562
105428
21636
66783
91143
99946
106538
143716
92281
57848
75354
6610
132439
124502
126058
48869
102201
82763
42426
30107
132550
78618
65789
90413
124939
117681
71300
64917
24871
70861
79749
37248
14047
106151
140147
118503
93960
67306
81253
120546
63045
50543
68660
22119
106046
138278
44598
55804
142784
84174
114686
69601
79375
1820
142748
6324
36202
49101
30815
54436
4170
70693
5422
116974
67690
4713
99001
45889
127053
127577
48945
41885
76892
123989
62158
20716
85185
56245
75196
134280
14331
52604
12857
38106
51762
84453
14468
141084
26964
144043
67289
99450
106788
97308
109544
45044
16081
21985
2837
67544
114444
62802
9380
4201
47454
93506
78350
140826
106350
115563
60096
116849
33295
108940
137974
144971
106274
120503
60760
87141
34278
69053
4544
142172
7094
90878
49108
136291
87483
103599
12428
110621
33855
2853
90234
126966
107662
79321
64937
101885
62384
141247
10715
36520
73315
131297
29723
20629
136363
59661
15361
93736
102451
11694
26373
95340
18857
115845
59330
36353
52387
65206
115334
49166
134769
71382
84668
68782
74677
37514
131655
108615
87517
19885
111669
100799
68704
60081
97177
131731
103328
39352
57453
126788
43177
121441
79626
132181
82076
13622
127564
19054
92325
77261
