140032
91562
77260
35053
36729
66395
124288
136446
63801
135126
116743
48547
110807
13043
77371
16814
56458
52775
108076
108330
27937
11399
138670
108712
111741
97268
60203
132662
145033
48359
137890
35785
44290
58032
99990
71185
60083
113457
121478
10425
1718
40962
86000
34770
1497
129928
51813
109039
139233
19075
44548
62461
101923
74940
124989
59851
55716
13684
25474
22524
52216
59850
6074
77858
92387
90611
24487
96732
102993
137848
34262
52758
43073
111650
27350
55552
8985
115429
126153
49138
125593
77597
120246
50600
73158
40409
34984
116155
98809
27718
137689
23216
60799
91579
77337
35999
61295
77978
144292
136311
18545
96726
41332
25916
36407
145545
56320
15739
48924
20932
141249
113169
70304
47748
51817
86600
111665
139924
78078
1404
19035
54446
44642
21828
53658
127691
101216
76748
142449
41240
72422
85474
76980
49934
82333
61107
111567
14009
99681
77244
51497
53651
13102
40956
21722
42792
109219
1016
41272
121920
53767
48687
104718
76948
30708
127043
99290
77008
127234
64568
8771
109521
115561
123944
32721
99445
32802
44588
100816
94865
60085
101770
106855
112928
32967
135547
109748
105090
62762
58576
53498
48434
35528
52702
82429
35286
22083
65556
99544
130848
143088
23103
73881
123538
48267
22992
13752
29753
44595
110219
139858
39620
125109
21160
96041
86617
132064
103263
123117
63077
93491
94975
46988
113908
61817
66480
54204
112668
78594
106340
142740
141666
119613
86698
76502
33656
116922
46671
133553
63138
48089
132959
29147
108543
71267
117577
35569
39837
139751
87570
92624
2100
137616
20650
134720
49549
31806
49105
49763
122220
4743
843
100095
48561
62660
40485
97390
102041
140507
137654
132964
70354
74959
132229
77639
54857
100291
143255
88982
74490
14319
104136
109965
96208
111340
77161
16035
18910
53124
115940
144208
29595
116706
136355
90500
120952
22734
17497
79922
77491
108820
35433
60075
33880
127762
137751
137280
58506
114793
128549
145464
67574
55341
101536
15592
70925
110149
59552
130022
87181
83810
42131
97343
59585
81581
122617
87940
58235
51133
41030
64108
24131
48946
116315
98734
32649
26843
68713
24981
103413
141503
59661
20261
1715
131683
73427
22286
7767
85324
68188
31849
144119
31379
74409
126393
16151
29665
84019
66211
131513
109600
122267
112440
114312
23943
80998
48487
11163
137952
20908
90129
77640
107663
118000
72388
127155
141514
17035
129552
10116
45541
18228
77193
11150
127609
133474
2234
145187
32084
79930
98059
58256
1978
68929
28112
133558
102580
95837
115278
25933
96301
19751
16325
47750
132058
118835
35105
119625
2533
3327
106770
18066
46694
127751
82321
21282
106127
86432
103697
136612
136233
109702
69907
141900
26565
49112
8183
39477
67015
116794
71779
105566
93720
65888
79565
97445
82418
27467
79118
68959
100585
10297
139658
42823
138511
61032
67418
137999
79773
113472
140674
120083
91339
77406
24885
138000
127897
19194
11070
131960
111942
17568
50009
67236
113064
68260
79150
132973
43249
37378
126068
105136
130367
112757
123094
123568
6767
71280
78369
136063
105726
70963
3284
99459
85514
47586
106213
116577
134670
134505
82427
127776
108237
65055
12646
131701
20121
5566
76472
12875
129093
41734
120102
135516
27513
54751
132261
86662
114122
80286
137519
135210
77107
71065
71621
8140
136714
38795
14021
66072
114611
48940
110058
49499
67973
2011
58693
138738
54690
38006
62538
102116
138178
101529
84164
135010
96266
10809
64285
54516
92444
19835
142928
90174
88338
85955
92456
52786
37856
20300
126993
131084
121210
106737
82756
5704
135551
55761
49936
72684
116057
6227
30856
64318
51243
87446
55323
23408
106651
96574
88414
42795
6312
33461
35216
80379
4813
132737
8550
40093
33142
113231
94318
138359
113400
103137
80547
122729
78515
122023
98168
142806
18229
110362
108440
67017
127996
3757
104283
27453
107718
70564
118159
123340
122434
53380
124462
61794
71801
106287
85550
22113
26310
5564
63061
129140
26078
39442
126462
38474
69832
59439
60806
142855
48568
7500
307
90233
116285
84359
41735
2778
461
24192
52549
100536
36800
108305
130926
36730
48187
20580
81880
77790
61287
19520
74207
120224
61862
12725
76909
106490
76091
109306
130369
44381
6636
95504
64810
3938
127713
88626
52669
143878
39193
61577
47184
142069
90911
19392
60044
52488
72716
127163
73544
136680
58282
94858
67852
44609
100639
38518
44939
86437
92205
39874
124383
4043
4422
16740
143770
9991
143722
2293
42755
86109
92641
19763
400
47532
114729
30673
60109
88093
115850
1161
57355
32383
40588
109407
87343
12968
41168
13641
46131
49962
124377
92331
8416
82146
114957
58893
39277
140782
31743
11932
27287
135974
40953
81363
127118
66998
18537
28964
81092
64338
9242
109128
81534
119553
106664
108532
41157
137387
77214
112043
101358
53402
89139
35944
101245
114760
50196
144423
67760
1010
118495
102321
64643
15712
70246
129232
117584
76946
26784
74838
125937
820
89885
52084
90695
52580
133162
8459
74611
107920
49653
89910
22880
141766
140855
131325
5349
13287
106870
138040
11096
65766
121004
41292
62032
27494
132989
26230
110348
113582
53096
94012
35804
72761
12370
143521
80695
46693
34269
29572
65669
83497
19719
116478
118568
65991
40268
4747
108914
83122
113903
20626
92610
88289
136368
88021
104257
60036
92064
14280
68980
47302
8791
114685
88561
12454
87221
66973
29557
25224
133173
19254
106309
35884
127732
53689
117394
44740
34120
17033
5229
90403
50832
94718
90045
47761
107041
86873
101218
13201
106927
65164
78235
64711
100372
25566
63641
11218
117814
105595
93916
125814
104774
12998
76064
56573
16013
105980
61313
93547
71631
114434
28522
59320
103342
44541
6734
32080
126115
137666
22217
73105
71259
71688
111041
101202
25733
50233
46023
70196
3396
130265
112218
37019
3217
14315
110531
31853
63171
17406
128797
114954
136735
129097
8529
69308
22650
36145
97674
100260
104486
11943
65671
124553
36674
84567
106002
7804
124814
6274
9528
90082
99541
142824
17137
24524
29682
95521
75162
134986
1384
83080
7303
55223
54720
55397
3345
11149
12188
2050
81376
49580
130678
127220
59055
49898
81348
49706
5115
105416
110064
9995
68922
78267
29253
105102
84421
114011
108962
19466
114083
24320
93813
125089
47404
89824
78434
52167
81747
61852
101373
91316
98899
80771
56719
101124
117576
31415
53684
25034
80295
28695
132288
67097
54073
2641
129669
96084
73495
62796
125588
108381
144165
29336
83494
82754
1591
104442
11243
23678
39077
126118
130940
51802
67285
15077
79756
55154
11689
91459
135306
131508
39257
82043
104754
145065
77652
125436
89953
125690
63742
8805
100652
87672
104199
88170
10144
9195
42656
96893
34066
130303
38743
133880
59224
144148
10287
143787
51543
128000
60976
47838
105956
131274
109491
134075
88055
10029
23267
101691
55264
69857
102153
119082
48443
1393
24761
83096
88953
126500
35989
109162
38607
91504
10293
118061
58267
85286
15548
103928
63528
15421
85369
134031
9036
120092
93923
7490
91480
98147
87947
98867
33628
18664
37180
81278
26347
19132
65586
52635
44327
114309
7020
71203
85927
142832
43033
88204
92592
18642
109173
105036
134882
67486
111696
91870
118120
64615
9284
80421
16315
73825
697
31844
31304
654
27280
45691
54186
49254
141256
109144
85867
86696
115168
118418
72732
95819
112849
106541
20039
100113
108884
104877
91005
72782
81153
59101
83634
113999
88386
38256
66943
14120
84685
120515
119316
69549
58009
127396
50342
88782
104899
27181
78150
72659
88027
58432
5404
67840
93676
99993
144852
34446
37776
44427
137661
126343
45922
77150
131625
82989
25917
101075
97485
113187
127020
14204
8103
1651
127899
55218
38501
8505
92710
71892
65809
140880
78788
28442
11348
53960
14495
41624
20480
19043
75481
21901
122214
125626
72734
80621
59929
49345
49159
31374
69940
85383
54986
43874
99339
114565
114757
31624
112696
102730
59424
117426
130604
121969
118353
8762
34806
127458
3941
59370
47895
26578
5150
10815
145146
102242
6499
135983
77272
37968
75377
123850
58018
17030
141781
23671
72557
113486
69580
108639
107319
61392
81247
10906
108550
135461
138497
15603
97602
94411
18510
136823
86515
8903
17577
30487
69393
130285
112282
35052
2439
50319
119016
132777
115029
143510
58345
100540
110189
33152
106457
31762
138899
75621
26745
16142
104099
30647
4489
68526
46804
128708
26837
46431
62442
134019
125010
140305
77361
46658
86040
3138
32022
75905
56267
31828
67178
64823
101888
74076
47665
73342
16663
107556
131443
51509
137315
125279
61213
115808
70650
78838
23034
67207
54535
31554
36875
127152
114300
53307
130368
94907
5878
43811
32328
34032
79622
99535
21815
33118
132130
13697
9944
103527
139717
120929
129427
33730
110003
53525
74220
92285
95385
51540
112176
50914
117470
36832
17479
109411
128749
13002
40497
145488
1336
90645
8198
36601
137466
116615
22166
31098
108939
21357
38996
16718
52741
38456
66025
136160
62323
40069
16672
139269
142354
96699
95552
55553
15250
36689
95077
125134
10159
69121
26243
365
131143
100412
52014
5850
57620
6766
120777
126744
51144
102870
6481
137455
49033
110844
55234
33033
136441
139859
118146
71884
75658
143039
87995
119010
72039
71888
119750
103258
124334
14510
117023
129241
42948
28076
118413
51958
143259
64876
8987
32094
74134
6894
15328
95756
45989
128298
97828
34461
107859
54141
95062
62171
94073
96519
40843
68570
41743
91136
6456
105464
46531
131844
74730
37605
41723
111038
10637
48207
79916
94684
50424
110414
5779
59720
101416
56954
52060
16923
132699
21162
59112
6367
2353
73652
105093
88310
32182
58755
77897
71056
137547
112683
29317
43720
84854
83335
57915
44852
76262
84677
43400
58384
88770
54822
135049
85038
81780
4758
56837
96134
88255
114527
23744
129221
86973
30025
15605
145285
49988
67933
143287
81060
14720
36618
60513
132199
117620
105041
63978
119673
16052
55986
44556
120956
127547
58863
112198
96379
37624
131873
125607
92516
896
17426
123789
130284
62768
24195
7530
22007
4352
65738
140450
70119
46047
119466
104963
132152
1340
51937
50518
137964
26205
126551
36753
44016
257
107606
68306
67140
116711
120497
75497
72514
72816
96360
28314
28289
34684
62784
115288
71475
58215
62702
136551
70737
132895
92880
33871
143351
10696
131856
122161
40662
50283
14570
71063
83903
135430
96165
81533
80136
3771
34537
92509
61856
125902
135954
45559
57266
131995
47531
45308
82462
82977
114163
72721
85895
26374
81264
93586
11708
93671
45188
1347
102274
138560
61110
130037
44230
108575
91735
117756
139929
141792
95730
99536
80821
126194
27449
95828
125759
131760
92894
99698
61621
18470
34103
134484
122377
100193
100246
128890
100207
127493
56970
94917
79476
106441
87345
128527
71556
10547
99265
8515
136871
3611
119415
114317
84932
61407
59882
89836
116153
131406
47777
87480
116196
40536
9957
95287
13592
92088
113823
88479
51705
96318
110781
142742
142726
6146
85131
49295
22066
14932
46595
22679
74459
121764
123469
64161
129418
128346
13512
112584
110463
134644
28920
18546
51191
4724
65617
29417
104466
44653
33823
81357
66881
44722
76971
60355
84135
78806
52497
65571
60354
56498
76878
88101
15136
116477
48141
129224
74823
113035
16938
59829
49882
3250
10844
40311
119805
10837
19362
74541
86066
36230
6039
94950
3534
134982
137020
132573
99784
117435
127324
94821
103108
136550
107962
114870
45821
142947
23265
22371
128660
113499
122235
85727
4365
64726
124848
62395
3856
107673
97189
43548
92192
49285
2997
125748
55767
103111
85538
106727
142734
2258
121856
59854
92566
79778
19953
11304
78719
17232
55893
66572
28516
23508
103783
120486
108580
7836
44156
121957
11083
74323
84146
57256
75425
30348
20194
108074
83033
8544
117152
118472
76597
95466
6326
49868
138650
52034
69369
2581
138169
92081
141795
138525
11350
75756
55620
143818
135512
116512
11270
66553
3957
24477
93558
14236
111812
39355
23446
16782
110319
75798
26329
128174
1970
12645
81508
55041
5638
6497
29036
3623
57608
82036
60400
24318
7351
73237
130109
62313
104530
66642
103587
33416
58656
112168
140284
100213
27589
138810
66996
137737
92127
142321
107221
83946
65860
9072
145022
81713
20364
56766
95482
117121
116084
140528
101177
18787
31097
130800
112744
55440
33471
32192
54234
86549
30018
42712
4752
36612
144857
43581
28411
106745
21324
95288
135673
123634
55919
11774
90705
60398
57801
69260
39378
123838
26264
106804
111711
37801
122545
50635
6943
58797
103071
30592
76365
99736
5444
122211
142763
31619
4052
75028
115543
77550
21509
30126
30841
24200
136835
65847
78529
144984
69745
2969
44249
144063
119480
6836
141938
127374
48131
51323
118333
57603
127995
103418
92716
133444
35615
118718
91221
109662
101684
18844
87595
39246
126263
100888
131597
73789
57315
27464
49216
50747
114508
135141
138730
36597
63021
143567
134661
87443
92598
93140
97794
84665
122020
68939
3251
68227
141271
64063
122956
9447
86659
22147
114456
56668
44182
69627
138937
73372
144365
88639
135134
137512
17742
87386
40757
104750
66541
43962
41229
99614
9079
10611
99830
137526
125229
42033
121066
60841
26614
50638
59627
60277
122658
143147
112042
128054
110633
121793
128907
112011
89105
23602
71015
71773
4466
112821
100814
30941
13335
96678
5449
49677
145468
32285
145404
122935
25148
134636
96730
125507
86735
144565
36033
82339
94800
61690
106423
105926
19127
106816
132645
72672
34177
22532
112522
11023
104356
126606
127753
7262
1623
35580
4259
26637
34060
123319
59352
49634
44237
38417
37830
59801
126656
115616
136495
31457
129823
42163
89900
91623
53680
86902
33442
70280
20558
12979
53138
3973
4806
74928
62732
112534
23445
53621
7655
87924
119068
3775
107787
51583
137613
93748
124075
69166
665
134479
4389
89313
66793
108743
135660
92033
123261
130324
138719
104081
22380
7051
93437
63717
23977
12374
56339
75576
28050
37685
84708
84333
51736
140185
65373
35488
16464
25537
87272
47547
111472
133257
108601
46782
125552
75479
120958
106988
52290
133499
60117
102378
123103
77628
44201
117956
74966
77419
68135
103031
81890
110297
30354
24405
143373
99273
43914
66114
141047
92524
2492
120287
107120
60406
124494
35154
58035
86493
55951
7175
63170
88303
11235
97558
77714
107074
114691
49859
138197
126175
56044
139421
126326
40673
102581
71568
112530
27264
57519
75402
39796
90389
69621
129024
49240
24614
91086
100846
132570
43051
121280
37841
76293
112401
9597
40935
56351
136336
81537
106507
109498
137013
69896
98102
42627
10021
122234
132591
98174
84595
92093
144027
14422
136224
4067
94597
143860
79198
85399
45977
116162
36323
125397
88430
127264
72216
77711
134201
77175
134361
7712
130788
145350
118663
115813
70312
20117
106239
36378
51951
57365
36419
42014
131858
132886
144627
133838
49038
31184
50039
104019
127761
80169
28409
87523
79079
94371
27022
133662
6157
91945
109597
132966
69833
3253
114339
45513
114911
132785
74365
133920
59616
20156
68185
78904
142311
66005
60973
41461
116513
93365
130958
45194
34098
64037
49531
33251
44948
103862
85393
115736
49875
61086
36250
98028
92006
111421
14574
15740
105885
82338
14727
81133
11445
38134
39085
126057
8322
91984
113208
77964
649
80704
55493
24327
46629
82682
135558
122068
111592
97464
139027
55852
106551
4572
117538
75746
81716
73681
94375
63977
118121
140390
133520
123009
137362
85466
135189
140071
41088
23111
64482
129761
69493
24758
69340
93004
98604
21269
29724
38379
43564
26867
73343
70834
124482
109364
108565
94227
125255
29762
117129
91241
99548
118420
39768
141770
67476
141749
144823
14681
116526
32717
19385
94563
33538
133212
35669
124527
134873
115672
68795
113374
135726
139904
1674
108103
129134
2695
48120
128431
12908
73913
73778
85358
40482
67867
110648
35589
122347
53884
44476
6711
77982
39505
24745
48492
39699
30075
128650
70752
90595
64224
15920
65865
102226
11091
1907
104471
458
113671
98365
85418
143912
60071
111267
137529
3881
115812
108555
2583
38018
74095
36813
100451
137629
72265
77249
74788
14993
141622
137630
72149
76497
73412
19984
38850
37656
59909
12963
104430
99617
135080
10035
35014
144660
33698
38118
136740
30037
17997
37930
14656
97017
105572
32337
80526
8517
117846
129603
91558
129402
140634
30992
123380
103811
79271
3545
49823
24840
61910
128864
27404
135652
81846
114375
119146
74908
126079
72244
41787
130158
21090
126378
122556
129009
108964
6133
35511
36061
104061
90641
82669
45919
12269
61094
69817
729
105754
93575
70517
31967
45446
71755
131717
61082
134739
80653
55899
127683
102172
140019
81549
115126
39166
97649
36735
111446
46503
104944
91004
43840
92850
44952
89069
102655
72679
76303
68038
22231
41244
7980
126097
132136
124666
72631
92521
85196
126021
48204
16761
130810
88516
113159
10650
65280
36301
38910
128006
42574
93536
101853
116215
101145
96885
87042
53023
63134
85298
26938
142091
78984
32172
98593
119059
114038
123111
97118
11355
132360
30041
46247
19022
34487
31881
130722
94278
142022
19388
138213
14451
58395
111979
125219
96929
60989
48114
75763
17974
93755
121609
88367
47417
23084
29430
85790
86859
143940
45560
33943
140338
88936
49023
74596
64406
99145
113967
22886
104063
143141
25994
133515
117052
102833
133688
111043
127071
36468
59051
15971
142765
107897
104410
137186
95710
77245
35172
49455
95722
130466
101407
53896
57685
1709
102728
102946
845
81742
109477
49032
16206
103724
16899
103790
16344
120421
50383
107716
31105
137407
27976
93138
26976
87277
87704
107768
69571
59822
33480
32811
20833
11654
145019
50961
98607
131632
97303
36664
25813
131825
27613
35681
10932
118485
60939
79674
90490
97103
69928
16232
129748
117439
112074
114907
84096
98540
19237
91843
64495
7296
53107
124573
113483
40503
125562
28625
11503
63908
7843
94711
80457
141105
95305
29574
24135
8073
103057
34733
15924
77202
127439
133611
138500
7745
123900
101024
59906
59916
98813
39181
36178
143693
28654
43084
775
76006
136784
119559
91334
73112
50336
12002
102587
137480
128715
77764
75061
110098
14415
96836
114697
123687
44133
757
70938
10286
140394
58641
32719
56464
27192
42275
80774
59107
88889
139285
64311
96413
28383
56755
142304
33905
73281
143083
62751
99109
135447
58589
119368
120793
80715
67592
90262
10673
6073
32173
109290
68278
122692
96238
102329
139635
106261
14819
137142
49940
63781
85417
17087
45080
62369
116038
106463
73992
120342
58066
98475
11506
53899
56825
106100
84578
76623
119195
19045
67401
132994
103865
59684
18421
43064
40976
2283
32110
12143
114830
28739
109917
37272
141318
110130
76671
140726
143784
77614
94853
114204
79976
54998
7802
111026
126050
110963
4637
134580
57457
91113
53121
99607
114829
73732
91392
58504
126131
101504
38041
104734
72970
74892
17724
116626
23900
35695
45577
69469
74764
63986
54881
57185
21097
123561
27557
115268
32534
93522
142154
100989
98373
12466
129704
97399
102526
91192
24175
36744
31949
36465
80627
31263
125643
61715
12236
110896
60825
5069
69904
120574
94328
13214
48279
6933
93009
51393
18977
126771
130170
11724
103716
65106
29588
122298
138833
59634
109110
20565
122822
144091
4194
71399
3479
140160
15575
94483
128406
114890
79754
68495
35745
56540
98993
76622
42251
37094
16167
11697
92370
58043
34460
17603
86198
8314
134820
49053
6083
86748
36704
21849
45305
87381
21391
124604
112622
32320
138007
34215
22119
46876
99180
38071
19454
138051
142378
7064
76928
21526
91153
116603
137849
18206
93551
113057
70465
113379
93901
30280
7369
2074
6250
113537
110138
80929
33035
30184
83835
93630
40429
80427
120304
52008
43160
128266
42996
108763
128596
52978
37465
126574
68835
8608
32543
63154
102220
11318
124181
96652
36894
49332
28107
36251
49682
112382
27139
120142
129889
85402
53331
27132
65548
95057
33925
18817
9858
81582
68358
5041
100830
35417
37104
84379
87904
77481
144401
76851
113013
83038
23813
88761
38738
40307
142614
75922
3636
125770
132514
112854
37198
91249
104703
90652
109318
61955
50328
86458
141024
36222
19403
102155
115009
115391
43479
77489
22867
103990
111666
31495
26049
108937
50186
124350
24437
99315
81217
52663
6789
118913
115570
144359
128835
14288
71291
99466
132447
89952
102814
30754
71462
31871
63924
36699
14477
49926
35109
85700
5327
15925
125508
118261
107447
125786
69417
72954
24497
141438
104225
52355
125840
53311
115032
74732
12554
76545
49626
58527
4937
33753
93953
136132
78623
106367
96444
121879
97402
4205
114635
89037
65211
43734
13240
94478
132345
91049
52373
42420
17562
110695
3159
93446
63670
134263
137721
35877
81405
131305
120551
61264
79073
62336
113599
103522
89650
143115
105127
66888
119030
74700
63960
100434
81033
78784
69799
126367
136464
34502
39684
17308
69413
108663
39381
92867
126815
45527
9516
95556
137691
52606
35240
72936
126354
10457
86955
25946
37114
126957
62934
42619
57140
63842
104815
50124
142865
91749
5132
54563
136750
52253
135911
44393
101148
33761
51004
103457
124352
107671
4072
75980
37235
77408
63363
43450
104885
39763
116852
120184
131280
13782
125625
117678
9266
51242
117240
62753
126313
29884
115027
101730
126907
132500
37225
120947
101300
133852
118856
71135
55448
138793
133624
71388
4716
109726
99436
67609
64764
66719
63027
5248
25188
3873
124446
80611
64296
127670
95713
81424
69639
92832
92253
26713
47408
73492
143822
42400
102756
70259
112784
59749
29034
139091
38440
80586
61020
126703
41780
137133
13071
140359
45952
81910
112956
76833
16401
37648
29090
22064
78525
92852
141560
76827
104205
84571
14479
21540
54240
24763
99010
114094
135243
121121
51115
85900
88270
89223
22644
131328
88225
124548
116959
132381
92638
21349
135238
141030
71819
12736
53301
85236
51365
127242
128926
12673
13561
30150
99310
114686
110840
68142
138838
105913
115451
73346
132074
62423
1644
97679
133402
71444
119449
120390
90327
127496
113316
2387
118163
37065
139105
13048
136079
43292
89129
6349
93827
105256
120742
57233
9056
39833
111965
60585
105551
136969
74850
36503
23832
36922
107053
45410
61252
120737
109059
22707
100944
123917
58633
10604
125888
92955
134395
53580
137357
94930
120938
9074
60182
101841
9741
24733
31093
123690
112892
101609
21809
52971
90541
3781
127723
128048
10046
2996
138389
105870
7984
68520
36792
13930
81686
120052
105714
75704
38948
98191
108668
132642
66093
5086
58820
106610
89337
122391
57816
74322
54777
36587
73725
68036
95078
137079
22104
139988
103798
117876
118482
144257
45111
115579
111290
122445
67877
39703
87299
126712
122644
12148
1256
100955
56353
68111
33367
105772
79896
92259
87086
144684
20560
69994
22073
106917
80199
115321
42107
144174
7863
17696
93079
144276
137536
59704
39459
55926
33016
74939
40720
48878
99114
132031
70745
99874
3231
84518
121812
115254
27146
55967
109035
17580
9275
61510
12863
73592
119771
112704
95964
111894
14254
77022
9646
141464
38859
135812
120530
45721
2943
35597
1520
52404
143310
95254
47233
52163
139307
46155
67080
11669
85725
61677
63214
30897
81966
114202
30998
48501
138119
64529
82423
129865
76721
124370
12812
100247
78239
38620
33939
66988
8510
121894
118130
47850
117044
85284
27833
58180
135884
70912
65861
68851
28932
133798
84464
69927
130357
29117
16392
75085
32105
29364
141529
25083
121307
54557
74211
68773
124125
62990
121835
127799
35271
26977
11850
56851
28774
45480
74218
29829
35300
84985
71126
110214
90883
110543
112477
23814
131352
45279
117832
90308
46052
28779
41357
92885
106346
14015
82620
143677
11273
132990
42756
38049
77004
44841
125987
35700
102999
42271
128503
103193
34654
23816
129139
17627
132384
34161
10237
31663
20491
5937
125297
12341
42768
38673
40208
87402
57118
89149
30808
81354
19518
125584
105185
140144
138015
6445
65749
53414
44843
37256
21079
17080
125196
6108
134794
61980
133973
100271
50573
47517
100250
64178
31041
32618
36492
74631
43370
123057
138111
10497
130720
44109
74891
58929
42874
133004
4145
123430
121253
61682
95356
54179
67727
143412
110386
69115
113966
25480
20771
107767
89536
92111
53036
42741
7811
123303
4444
72737
131697
138591
82042
66927
138268
77795
4066
144975
18408
66266
84214
46970
95517
113306
127148
96632
46917
134274
16940
10949
17818
118587
27135
98391
76211
122091
74952
61205
115392
21273
116033
41317
90013
113949
67261
75788
118677
88069
85058
55901
40447
27432
126369
55725
19196
138777
9375
83334
133723
144102
61448
30907
76799
24782
13373
9371
90723
36777
125333
19917
24809
71031
84879
32342
81047
128089
19364
98161
65605
134183
16695
132317
113476
129099
92548
48927
122066
31103
144007
127067
28882
135755
22572
94801
81513
62368
100021
68349
129995
80974
111311
22695
55759
125349
61379
116977
126674
54369
21634
47906
118933
84866
1925
86949
66506
140216
136490
105164
54032
88811
140131
107576
31322
33394
54190
44910
55452
74895
32835
130661
127363
124139
79920
133125
3219
34167
143363
44105
52398
64912
84246
91152
121980
10583
93451
106132
79519
120423
32756
142185
59736
115055
116107
131149
104773
18038
108938
57077
144721
76177
122325
91954
15754
92868
95086
103545
99519
41483
80185
44115
143616
99153
132738
98859
126454
69427
20454
67639
14073
44183
126455
74496
82415
138559
128250
51621
112363
129500
108118
53041
103195
76026
10301
106564
17077
161
48511
86740
96412
76905
61826
91416
45750
138712
28118
130728
62299
128204
141771
53819
105400
31691
90992
112829
41631
137231
66215
112742
40256
27024
63084
99181
16111
15792
23364
26147
95002
61166
113612
17284
113065
99475
21170
24773
34610
59038
67404
122811
44513
25517
129085
8652
109100
2916
32116
97290
131188
73273
45831
88525
31429
82734
70829
37608
71908
93555
76234
117815
69435
23776
43168
65822
32240
76379
142112
2764
129400
76930
55728
26139
2528
52861
116776
47369
7138
42527
45649
131
144976
32201
110514
78983
76224
81976
22623
88843
95595
7525
89464
4567
33970
58155
70378
21015
82740
1639
124937
11715
47584
21305
144598
46411
98220
124029
139043
2075
90916
79221
14868
40065
52824
47526
121213
11906
46200
4614
83103
88804
139146
26057
40011
81129
59239
32694
51282
41
104260
48718
65651
132998
26632
57895
137269
27119
1221
47152
70370
50401
138826
12940
124687
80386
32223
38135
144550
14591
142908
100280
48276
15654
72443
44378
5411
132945
33769
117223
29664
54536
122562
56049
71565
105721
116608
64776
81517
70390
43619
71802
69494
39386
26889
37719
63577
48116
59021
32749
40645
86982
42471
41437
133256
99559
28152
22554
75891
93361
21318
54064
81210
40103
131206
135302
46529
93232
144347
112397
145532
107753
32740
8559
124960
97662
82698
77538
124422
38586
68507
54794
124712
129518
11088
119705
19678
43208
86718
29846
131716
129797
52740
65855
15148
48282
103717
72903
126608
61157
79593
69141
3209
100843
54002
144373
75004
39968
47552
40210
111761
12081
95604
129417
109564
127294
283
26961
22138
32229
38068
58619
71058
102157
90366
6043
54617
121118
84027
72348
114475
130247
9965
44943
61855
5105
127376
142557
69293
47026
108489
117289
36217
125012
143338
26736
132386
43813
81325
6870
30266
78201
124546
62288
130028
68853
103100
45414
75457
84783
90881
33267
139993
127965
19149
130517
47514
574
122947
91552
90123
116830
107614
89644
128099
121454
52985
140887
37722
57757
100398
14845
6318
74642
124900
103306
83715
67963
38027
58480
3389
95316
8734
78208
48363
85047
137305
60994
122012
36562
121326
89748
103392
72639
32408
10081
89541
1471
49302
41008
17999
127681
70668
42017
77364
143459
131929
51068
124713
33691
97065
8478
17897
121538
13203
143297
111055
31773
39431
66816
51320
66661
25333
86055
7588
85910
58963
99100
112
58440
121299
68426
58798
127157
39681
37405
117384
75109
72600
136836
28146
42976
63415
75415
14978
126288
45609
120523
38836
113123
35774
76096
72156
30399
19734
49858
43740
66032
31794
109380
92213
114656
21275
133308
53265
102930
76668
89348
134002
25843
106421
97323
105598
38993
23704
82298
53219
107056
143218
7395
30930
127400
76580
105326
143160
28192
30046
30867
74575
56618
24005
114265
80225
100092
107499
41209
65140
78326
113765
15891
79744
9737
92577
32214
41561
71852
112341
77959
134443
53509
23179
97522
45315
116271
106007
50620
74759
134353
81635
128211
54888
15335
4233
83243
17246
123578
84362
24935
61786
59341
54280
101338
130863
51717
73094
118869
119835
101935
55662
43689
99462
126289
20343
144827
23007
94050
52535
126827
143153
136098
120101
123125
113197
78119
71868
27333
98206
87030
87913
93625
76110
21202
23187
141991
70242
16889
35255
114277
56463
88455
43842
66914
142748
122360
30220
72335
87752
84947
3632
133151
53120
2587
26418
82613
48152
84342
53674
139381
6149
90314
65590
97734
34121
128022
80868
108281
92420
94196
74986
73035
23432
32
78778
33840
101802
137251
2278
71193
103875
138952
80308
24315
130451
135455
35649
67861
71329
71909
108739
62026
72637
43748
119891
103680
72625
63714
120453
100719
69210
100267
86425
73860
89228
75194
110142
103949
99029
77340
60979
29358
12205
124361
37082
20931
122890
96347
33232
77907
116241
56369
4000
118604
68492
74961
136957
112557
141187
82573
132847
30953
144041
29114
85371
14373
86440
105348
91175
9586
71181
34217
11609
59915
85026
28498
124779
113629
99752
115864
73337
116134
65537
144280
104560
114537
52294
83173
40125
87882
104092
39553
71309
18612
67676
63510
74088
120175
83465
90037
136530
60131
26669
11216
93483
138236
32363
52270
32989
37846
964
69942
112924
13222
141852
107977
27248
50877
66002
126868
11597
79915
120411
59721
100066
38976
81623
105679
24100
130968
100338
89220
59451
94657
91922
112695
107217
115065
6542
137984
8633
75984
21197
8105
61959
68779
14646
25879
14945
14821
143076
84509
1498
121690
104856
14111
50705
135105
86474
126614
132687
57012
82404
60756
85560
41228
2004
136331
66919
52755
7281
111119
119109
6784
119777
34484
106762
38253
112372
59646
84934
105022
144043
28131
69349
10155
127839
65379
110602
89382
132436
13921
52113
81479
49133
142067
30685
2518
47405
7464
110628
138302
62391
96740
116840
67471
42484
114076
45726
10252
126261
1083
108024
57136
126560
109123
43018
125498
126826
41543
47833
39522
2230
132337
37877
126268
116433
121586
18081
108790
29330
3513
50032
49427
22614
17588
28967
42514
93624
114063
77042
47540
939
88198
130591
1991
68198
128986
74091
88922
73447
55696
105148
137348
110478
43130
76155
19116
17083
127999
83972
25820
117216
71648
116350
88771
79967
142044
126906
47755
142549
27892
104577
58046
124123
834
61104
96174
54705
64324
139311
53304
13171
94982
96596
49413
81186
20970
137462
128962
72313
1845
501
141606
54651
13999
23760
118994
77330
126581
128289
113639
69321
13826
30764
120915
102504
77349
127165
77208
5217
90499
122926
96613
87429
34591
119411
31503
3706
55088
32638
31790
131018
7096
113538
137639
40639
46329
7747
13115
144336
5959
121768
144317
15220
70467
125026
115290
22325
81178
137070
61470
28258
67234
27782
130895
23225
85787
13544
131682
25091
11360
123416
93532
100895
66858
54750
71049
23299
8802
84791
7223
128256
139570
17212
73973
98215
48975
90829
131239
20929
26283
101468
28069
52970
61525
16200
12696
49252
134428
57910
60712
132293
115123
61636
97476
53980
100785
98393
70561
89399
60996
81260
2407
86555
122426
72640
21879
118234
124233
107163
58496
81519
70883
118155
54022
12259
123570
144704
83003
54210
70946
18965
107244
119502
27769
11536
75238
122533
134852
132251
105166
6386
134409
50880
82077
4011
13517
91001
29339
73321
64068
42963
72693
99582
141889
42427
98310
106295
82444
59953
114524
71803
13802
69883
97265
33552
130135
65481
23402
49611
143665
136008
33791
100904
100221
131347
82704
72728
71822
144822
97422
143561
55918
23470
68635
22238
112823
15535
72762
18015
43655
11075
88100
6506
3132
23419
69534
43392
30667
135499
31131
82281
52617
45285
125393
11958
124829
21317
67618
104217
40245
78528
94057
141369
59864
75451
118227
56086
82626
89417
111734
63039
75736
143502
135848
52004
104504
24879
48722
1570
8814
92309
135882
2549
102443
22299
92898
79876
84088
143096
12163
108006
79631
100965
63989
89030
80043
86378
127041
90312
26291
16538
130794
88401
24937
14754
132135
28278
28648
104044
69167
56685
110410
105057
92666
23460
100389
47612
83986
121581
42925
83287
125341
84478
86306
93495
41912
9104
85609
40272
14588
11518
35206
80721
94061
67041
31349
16737
19802
