2.25 0.0 1.0
9.5 0.0 1.0
14.75 0.0 1.0
12.75 0.0 1.0
11.0 0.0 1.0
4.5 0.0 1.0
6.5 0.0 1.0
8.5 0.0 1.0
11.25 0.0 1.0
7.25 0.0 1.0
3.5 0.0 1.0
7.25 0.0 1.0
10.75 0.0 1.0
12.75 0.0 1.0
14.0 0.0 1.0
6.5 0.0 1.0
5.0 0.0 1.0
2.25 0.0 1.0
6.5 0.0 1.0
12.5 0.0 0.0
8.0 0.0 0.0
4.5 0.0 0.0
13.75 0.0 1.0
11.75 0.0 1.0
9.75 0.0 1.0
8.0 0.0 1.0
5.75 0.0 1.0
2.75 0.0 1.0
4.5 0.0 1.0
12.25 0.0 1.0
7.75 0.0 1.0
5.0 0.0 0.0
10.5 0.0 0.0
19.75 31000.0 1.0
26.5 51000.0 1.0
37.0 88000.0 1.0
47.25 110500.0 1.0
59.75 113000.0 1.0
25.5 26000.0 1.0
34.0 21500.0 1.0
34.75 44500.0 1.0
30.25 38000.0 1.0
24.75 38500.0 1.0
20.0 16000.0 1.0
31.0 16500.0 1.0
32.25 27000.0 1.0
29.0 37500.0 1.0
24.0 31500.0 1.0
22.25 22500.0 1.0
28.75 20500.0 1.0
30.75 30500.0 1.0
34.0 33000.0 1.0
29.75 44000.0 1.0
24.5 14500.0 0.0
29.75 12000.0 0.0
33.5 16500.0 0.0
50.75 7500.0 0.0
54.75 19000.0 0.0
56.75 15500.0 0.0
55.25 40000.0 0.0
61.0 29500.0 0.0
55.0 28500.0 1.0
61.0 37500.0 1.0
51.75 17500.0 1.0
62.5 24500.0 0.0
66.0 13000.0 0.0
62.75 6000.0 0.0
61.0 18500.0 0.0
69.5 39500.0 0.0
63.25 52000.0 0.0
67.25 28000.0 0.0
59.5 11500.0 1.0
68.5 20500.0 1.0
74.25 12500.0 0.0
76.0 33500.0 0.0
92.25 14000.0 0.0
85.0 23500.0 0.0
82.0 11500.0 1.0
88.75 19500.0 1.0
94.75 33500.0 1.0
86.25 40500.0 1.0
90.75 8500.0 1.0
88.0 27500.0 0.0
94.5 25500.0 0.0
91.75 45500.0 0.0
69.25 7500.0 0.0
77.0 27000.0 0.0
74.5 49000.0 0.0
69.0 61000.0 0.0
57.25 58000.0 0.0
70.5 51500.0 1.0
73.25 31000.0 1.0
49.75 31500.0 0.0
39.5 18500.0 0.0
47.75 38500.0 0.0
43.75 20500.0 1.0
42.25 36500.0 1.0
72.25 103500.0 0.0
75.5 73000.0 0.0
79.75 93500.0 0.0
61.25 80000.0 0.0
61.0 103000.0 0.0
66.5 73500.0 1.0
75.0 85500.0 1.0
67.25 91000.0 1.0
67.0 110500.0 1.0
38.75 59000.0 1.0
40.75 73000.0 1.0
31.5 64500.0 1.0
35.5 73500.0 1.0
36.75 66500.0 0.0
28.5 53500.0 0.0
21.5 38000.0 0.0
64.25 43000.0 0.0
58.75 47000.0 0.0
64.0 63500.0 0.0
73.0 20500.0 0.0
76.75 18000.0 1.0
50.0 57500.0 1.0
44.25 67500.0 1.0
44.25 87500.0 1.0
49.0 71000.0 1.0
50.25 100500.0 1.0
49.0 81500.0 1.0
41.75 80000.0 1.0
44.25 102500.0 1.0
51.25 86500.0 1.0
44.25 49500.0 1.0
40.25 44000.0 1.0
43.5 58500.0 0.0
49.0 94000.0 0.0
41.5 96000.0 0.0
54.5 72000.0 0.0
58.75 93500.0 0.0
52.0 48000.0 0.0
84.0 70000.0 1.0
84.75 59500.0 1.0
92.75 112000.0 1.0
85.25 81000.0 1.0
93.5 63500.0 1.0
88.0 51500.0 0.0
87.0 69500.0 0.0
93.75 98500.0 0.0
92.5 81000.0 1.0
81.0 38500.0 1.0
79.25 60000.0 1.0
81.0 51000.0 0.0
66.25 38000.0 0.0
67.0 56000.0 0.0
77.75 11000.0 0.0
58.5 68500.0 1.0
